动量值   学习速率 训练次数 第一层第二层  误差  测试误差 
0.010000 0.010000    500     20      0 0.068920 0.083057
0.010000 0.010000    500     20      0 0.061720 0.074743
0.010000 0.010000    500     20      0 0.068960 0.080914
0.010000 0.010000    500     20      0 0.060160 0.071800
0.010000 0.010000    500     20      0 0.066040 0.079029
0.010000 0.010000    500     20      0 0.062440 0.075229

0.010000 0.010000    500     40      0 0.054680 0.071229
0.010000 0.010000    500     40      0 0.052040 0.067486
0.010000 0.010000    500     40      0 0.046040 0.064686
0.010000 0.010000    500     40      0 0.053160 0.068829
0.010000 0.010000    500     40      0 0.050960 0.066114

0.010000 0.010000    500     60      0 0.054320 0.070086
0.010000 0.010000    500     60      0 0.049880 0.068257

0.010000 0.010000   1500     20      0 0.062400 0.077486
0.010000 0.010000   1500     20      0 0.057520 0.070229
0.010000 0.010000   1500     20      0 0.063600 0.075029
0.010000 0.010000   1500     20      0 0.060480 0.073543
0.010000 0.010000   1500     20      0 0.057680 0.069886

0.010000 0.010000   1500     40      0 0.043960 0.063286
0.010000 0.010000   1500     40      0 0.040320 0.064857
0.010000 0.010000   1500     40      0 0.042760 0.066029
0.010000 0.010000   1500     40      0 0.042920 0.067543
0.010000 0.010000   1500     40      0 0.044480 0.067114

0.010000 0.010000   1500     60      0 0.038240 0.064886
0.010000 0.010000   1500     60      0 0.035000 0.062429
0.010000 0.010000   1500     60      0 0.040240 0.064514
0.010000 0.010000   1500     60      0 0.034480 0.061314
0.010000 0.010000   1500     60      0 0.038640 0.064114

0.010000 0.010000   1500     80      0 0.034600 0.063000
0.010000 0.010000   1500     80      0 0.036960 0.063743
0.010000 0.010000   1500     80      0 0.035640 0.060943
0.010000 0.010000   1500     80      0 0.043680 0.067171
0.010000 0.010000   1500     80      0 0.037040 0.063314

0.010000 0.010000   1500    180      0 0.030840 0.060429
0.010000 0.010000   1500    140      0 0.033200 0.061829

0.010000 0.010000   1500    110      0 0.032400 0.059743
0.010000 0.010000   1500     90      0 0.033240 0.061229
0.010000 0.010000   1500     95      0 0.030960 0.059714
0.010000 0.010000   1500    105      0 0.035200 0.062314

0.010000 0.010000   1500    100      0 0.037360 0.061686
0.010000 0.010000   1500    100      0 0.037680 0.063057
0.010000 0.010000   1500    100      0 0.035560 0.062343
0.010000 0.010000   1500    100      0 0.035040 0.057743
0.010000 0.010000   1500    100      0 0.033120 0.062857
0.010000 0.010000   1500    100      0 0.033560 0.060486

0.010000 0.010000   1500    120      0 0.034200 0.063857
0.010000 0.010000   1500    120      0 0.032800 0.058000
0.010000 0.010000   1500    120      0 0.033240 0.058229
0.010000 0.010000   1500    120      0 0.034280 0.061943
0.010000 0.010000   1500    120      0 0.034440 0.060371

0.010000 0.010000   1500    140      0 0.031200 0.057229
0.010000 0.010000   1500    140      0 0.038320 0.064371
0.010000 0.010000   1500    140      0 0.032360 0.056571
0.010000 0.010000   1500    140      0 0.032480 0.058229
0.010000 0.010000   2500    100      0 0.026120 0.057600
0.010000 0.010000   3500    100      0 0.023040 0.058886
0.100000 0.100000   3500    100      0 0.021240 0.059486
0.100000 0.100000   4500    100      0 0.017760 0.056600
0.100000 0.100000   4500    100      0 0.024080 0.058343
0.010000 0.010000   4500    100      0 0.023320 0.061143
0.010000 0.010000   4500    100      0 0.023760 0.061229
0.100000 0.100000   4500    100      0 0.016800 0.054800
0.100000 0.100000   4500    100      0 0.017080 0.057686
0.100000 0.100000   4500    100      0 0.015240 0.055514
0.100000 0.100000  14500    100      0 0.010120 0.052114
0.010000 0.010000  14500    100      0 0.011520 0.057771
0.100000 0.100000  20000    100      0 0.008160 0.052943
0.100000 0.100000   1500     20      0 0.062400 0.077914
0.100000 0.100000   1500     40      0 0.054280 0.078057
0.100000 0.100000   1500     60      0 0.045760 0.074143
0.100000 0.100000   1500     80      0 0.038080 0.069000
0.010000 0.010000   1500     20     20 0.056800 0.074400
0.010000 0.010000   1500     40     40 0.043920 0.073743
0.010000 0.010000   1500     60     60 0.031320 0.066000
0.010000 0.010000   1500     80     80 0.024760 0.057971
0.010000 0.010000   1500    100    100 0.029400 0.063086
0.010000 0.010000   1500    120    120 0.022760 0.058114
0.010000 0.010000   1500    120    120 0.020440 0.059000
0.010000 0.010000   4500     80     80 0.007200 0.054086
0.010000 0.010000   7500     80     80 0.004200 0.050943
0.010000 0.010000  10500     80     80 0.003320 0.051314
0.010000 0.010000   7500     80     80 0.003920 0.053857
0.010000 0.010000   7500     80     80 0.000000 0.622065
0.010000 0.010000   7500     80     80 0.000000 0.622113
0.010000 0.010000   7500     80     80 0.000000 0.622665
0.010000 0.010000   7500     80     80 0.000000 0.819496
0.010000 0.010000      7     80     80 0.070760 0.071286
0.010000 0.010000     75     80     80 0.016640 0.038457
0.010000 0.010000      7     80     80 0.028400 0.037057
0.010000 0.010000      7     80     80 0.028880 0.035886
0.010000 0.010000      7     80     80 0.055200 0.063086
0.010000 0.010000      7     80     80 0.045320 0.050971
0.010000 0.010000      7     80     80 0.039960 0.051086
0.010000 0.010000      7     80     80 0.039880 0.048400
0.010000 0.010000      7     80     80 0.039200 0.045829
0.010000 0.010000      7     80     80 0.037840 0.045943
0.010000 0.010000      7     80     80 0.029640 0.042800
0.010000 0.010000      7     80     80 0.032720 0.041229
0.010000 0.010000      7     80     80 0.031120 0.039143
0.010000 0.010000      7     80     80 0.030920 0.037714
0.010000 0.010000      7     80     80 0.029080 0.037657
0.010000 0.010000     20     80     80 0.088000 0.095114
0.010000 0.010000     20     80     80 0.097320 0.094771
0.010000 0.010000     20     80     80 0.075760 0.082914
0.010000 0.010000     20     80     80 0.076920 0.080314
