0	1.096989 0.248440
1	0.632586 0.180960
2	0.514433 0.155680
3	0.460197 0.146400
4	0.426778 0.142840
5	0.402635 0.138280
6	0.383946 0.135000
7	0.368987 0.132520
8	0.356727 0.130640
9	0.346459 0.129160
10	0.337689 0.127000
11	0.330082 0.126160
12	0.323393 0.124560
13	0.317429 0.122680
14	0.312038 0.121600
15	0.307112 0.119840
16	0.302571 0.119280
17	0.298351 0.118760
18	0.294408 0.117280
19	0.290703 0.115640
20	0.287209 0.114560
21	0.283901 0.113880
22	0.280761 0.112640
23	0.277771 0.111320
24	0.274918 0.110440
25	0.272191 0.109880
26	0.269578 0.109480
27	0.267073 0.108480
28	0.264668 0.107320
29	0.262355 0.106200
30	0.260130 0.105120
31	0.257987 0.103040
32	0.255922 0.102400
33	0.253928 0.101000
34	0.252002 0.099800
35	0.250140 0.098400
36	0.248339 0.096400
37	0.246593 0.095320
38	0.244901 0.094640
39	0.243260 0.094600
40	0.241666 0.093280
41	0.240117 0.092400
42	0.238611 0.091640
43	0.237146 0.090760
44	0.235719 0.089840
45	0.234330 0.089520
46	0.232975 0.088920
47	0.231655 0.088440
48	0.230366 0.087960
49	0.229108 0.087480
50	0.227878 0.087040
51	0.226677 0.086680
52	0.225502 0.086240
53	0.224352 0.085320
54	0.223225 0.084880
55	0.222121 0.083960
56	0.221039 0.083760
57	0.219977 0.083400
58	0.218934 0.083080
59	0.217910 0.082440
60	0.216904 0.082080
61	0.215913 0.081840
62	0.214939 0.081720
63	0.213980 0.081440
64	0.213034 0.080800
65	0.212102 0.080240
66	0.211183 0.079640
67	0.210277 0.078560
68	0.209381 0.078160
69	0.208497 0.077640
70	0.207624 0.077040
71	0.206761 0.076920
72	0.205907 0.076520
73	0.205064 0.076120
74	0.204229 0.074760
75	0.203403 0.073120
76	0.202586 0.072200
77	0.201778 0.072000
78	0.200978 0.071600
79	0.200186 0.071320
80	0.199402 0.071080
81	0.198626 0.070800
82	0.197857 0.070560
83	0.197096 0.070320
84	0.196343 0.070120
85	0.195596 0.069600
86	0.194857 0.069480
87	0.194125 0.069200
88	0.193399 0.068840
89	0.192680 0.068840
90	0.191967 0.068360
91	0.191260 0.068160
92	0.190560 0.067680
93	0.189865 0.067240
94	0.189177 0.067200
95	0.188493 0.066720
96	0.187816 0.066480
97	0.187143 0.066040
98	0.186476 0.066480
99	0.185814 0.065960
100	0.185157 0.065920
101	0.184504 0.065720
102	0.183857 0.065600
103	0.183214 0.065720
104	0.182576 0.065520
105	0.181942 0.065120
106	0.181313 0.064680
107	0.180689 0.064600
108	0.180070 0.064360
109	0.179455 0.063880
110	0.178845 0.063800
111	0.178239 0.063760
112	0.177639 0.063680
113	0.177043 0.063640
114	0.176452 0.063400
115	0.175866 0.062880
116	0.175285 0.062560
117	0.174709 0.062440
118	0.174138 0.062120
119	0.173572 0.062040
120	0.173010 0.062000
121	0.172453 0.061880
122	0.171900 0.061760
123	0.171352 0.061440
124	0.170808 0.061360
125	0.170268 0.061120
126	0.169732 0.060920
127	0.169200 0.060840
128	0.168672 0.060680
129	0.168148 0.060560
130	0.167627 0.060440
131	0.167111 0.060520
132	0.166598 0.060360
133	0.166088 0.060360
134	0.165582 0.060280
135	0.165080 0.058800
136	0.164581 0.058160
137	0.164086 0.058120
138	0.163593 0.057800
139	0.163105 0.057720
140	0.162619 0.057400
141	0.162137 0.057400
142	0.161658 0.057360
143	0.161182 0.057320
144	0.160709 0.057200
145	0.160239 0.057040
146	0.159772 0.056760
147	0.159308 0.056760
148	0.158847 0.056720
149	0.158389 0.056440
150	0.157934 0.056200
151	0.157482 0.056080
152	0.157033 0.055960
153	0.156586 0.055800
154	0.156143 0.055560
155	0.155702 0.055440
156	0.155264 0.055240
157	0.154829 0.055120
158	0.154397 0.055200
159	0.153968 0.055080
160	0.153542 0.055160
161	0.153118 0.055080
162	0.152698 0.055040
163	0.152280 0.054880
164	0.151865 0.054600
165	0.151453 0.054240
166	0.151044 0.054200
167	0.150638 0.054080
168	0.150235 0.053920
169	0.149834 0.053840
170	0.149436 0.053840
171	0.149041 0.053560
172	0.148649 0.053360
173	0.148259 0.053360
174	0.147872 0.053360
175	0.147488 0.053160
176	0.147106 0.053080
177	0.146727 0.052680
178	0.146351 0.052600
179	0.145977 0.052600
180	0.145606 0.052560
181	0.145237 0.052560
182	0.144870 0.052520
183	0.144506 0.052480
184	0.144145 0.052600
185	0.143786 0.052560
186	0.143429 0.052600
187	0.143074 0.052680
188	0.142722 0.052720
189	0.142371 0.052440
190	0.142024 0.052360
191	0.141678 0.052240
192	0.141334 0.052200
193	0.140992 0.051920
194	0.140653 0.051760
195	0.140315 0.051520
196	0.139980 0.051640
197	0.139646 0.051320
198	0.139314 0.051120
199	0.138984 0.050960
200	0.138656 0.050720
201	0.138330 0.050520
202	0.138006 0.050240
203	0.137683 0.050240
204	0.137363 0.050120
205	0.137044 0.049920
206	0.136727 0.049680
207	0.136411 0.049720
208	0.136098 0.049600
209	0.135786 0.049560
210	0.135476 0.049360
211	0.135167 0.049400
212	0.134861 0.049400
213	0.134556 0.049400
214	0.134252 0.049280
215	0.133951 0.049120
216	0.133651 0.049000
217	0.133353 0.048920
218	0.133056 0.048840
219	0.132761 0.048760
220	0.132468 0.048760
221	0.132177 0.048800
222	0.131887 0.048800
223	0.131598 0.048880
224	0.131311 0.048800
225	0.131026 0.048840
226	0.130743 0.048720
227	0.130460 0.048560
228	0.130180 0.048680
229	0.129901 0.048640
230	0.129623 0.048520
231	0.129346 0.048480
232	0.129071 0.048320
233	0.128798 0.048320
234	0.128526 0.048160
235	0.128255 0.048200
236	0.127985 0.048080
237	0.127716 0.047960
238	0.127449 0.048040
239	0.127183 0.047920
240	0.126918 0.047960
241	0.126654 0.047960
242	0.126391 0.047840
243	0.126129 0.047840
244	0.125868 0.047800
245	0.125609 0.047800
246	0.125350 0.047800
247	0.125092 0.047800
248	0.124835 0.047880
249	0.124579 0.047720
250	0.124324 0.047640
251	0.124070 0.047400
252	0.123817 0.047360
253	0.123564 0.047280
254	0.123312 0.047240
255	0.123062 0.047160
256	0.122811 0.047200
257	0.122562 0.046960
258	0.122313 0.046840
259	0.122065 0.046760
260	0.121818 0.046720
261	0.121571 0.046640
262	0.121325 0.046600
263	0.121080 0.046800
264	0.120835 0.046720
265	0.120591 0.046560
266	0.120347 0.046520
267	0.120104 0.046400
268	0.119861 0.046360
269	0.119619 0.046240
270	0.119378 0.046200
271	0.119136 0.046240
272	0.118896 0.046040
273	0.118656 0.046200
274	0.118416 0.046200
275	0.118177 0.046200
276	0.117938 0.045880
277	0.117700 0.045760
278	0.117462 0.045800
279	0.117225 0.045960
280	0.116988 0.045920
281	0.116752 0.045920
282	0.116516 0.045840
283	0.116281 0.045600
284	0.116047 0.045320
285	0.115813 0.045360
286	0.115579 0.045280
287	0.115346 0.045160
288	0.115114 0.045000
289	0.114883 0.044960
290	0.114652 0.045080
291	0.114421 0.045120
292	0.114192 0.045160
293	0.113963 0.045040
294	0.113734 0.045080
295	0.113507 0.045080
296	0.113280 0.045120
297	0.113053 0.045160
298	0.112827 0.045520
299	0.112602 0.045640
300	0.112378 0.045560
301	0.112154 0.045520
302	0.111931 0.045400
303	0.111709 0.045360
304	0.111487 0.045240
305	0.111266 0.045560
306	0.111046 0.045600
307	0.110826 0.045760
308	0.110607 0.045960
309	0.110389 0.046080
310	0.110171 0.046040
311	0.109954 0.045920
312	0.109738 0.045960
313	0.109522 0.045760
314	0.109307 0.045880
315	0.109093 0.045920
316	0.108879 0.045840
317	0.108666 0.045800
318	0.108453 0.045760
319	0.108242 0.045720
320	0.108030 0.045560
321	0.107820 0.045600
322	0.107610 0.045560
323	0.107401 0.045640
324	0.107192 0.045640
325	0.106984 0.045680
326	0.106776 0.045640
327	0.106569 0.045640
328	0.106363 0.045760
329	0.106157 0.046000
330	0.105952 0.045960
331	0.105748 0.046000
332	0.105544 0.046000
333	0.105341 0.046000
334	0.105138 0.045880
335	0.104936 0.045960
336	0.104734 0.045960
337	0.104533 0.046120
338	0.104333 0.046080
339	0.104133 0.045760
340	0.103934 0.045520
341	0.103735 0.045600
342	0.103537 0.045520
343	0.103339 0.045520
344	0.103142 0.045480
345	0.102946 0.045240
346	0.102750 0.045120
347	0.102554 0.045240
348	0.102360 0.045200
349	0.102166 0.045160
350	0.101972 0.045160
351	0.101779 0.045080
352	0.101586 0.045160
353	0.101394 0.045080
354	0.101203 0.045200
355	0.101012 0.045120
356	0.100821 0.045200
357	0.100631 0.045240
358	0.100442 0.045280
359	0.100252 0.045240
360	0.100064 0.045160
361	0.099876 0.045200
362	0.099688 0.045240
363	0.099501 0.045120
364	0.099314 0.045120
365	0.099128 0.045080
366	0.098942 0.045080
367	0.098756 0.044880
368	0.098571 0.044800
369	0.098387 0.044960
370	0.098203 0.044920
371	0.098019 0.045040
372	0.097836 0.045040
373	0.097654 0.045040
374	0.097472 0.044800
375	0.097290 0.044760
376	0.097109 0.044880
377	0.096929 0.044960
378	0.096749 0.045040
379	0.096570 0.045120
380	0.096391 0.045040
381	0.096212 0.044880
382	0.096035 0.044880
383	0.095857 0.044920
384	0.095681 0.044800
385	0.095505 0.044800
386	0.095329 0.044720
387	0.095154 0.044760
388	0.094980 0.044720
389	0.094806 0.044720
390	0.094632 0.044600
391	0.094459 0.044560
392	0.094287 0.044600
393	0.094114 0.044560
394	0.093943 0.044440
395	0.093771 0.044400
396	0.093600 0.044560
397	0.093430 0.044480
398	0.093260 0.044520
399	0.093090 0.044600
400	0.092920 0.044680
401	0.092750 0.044760
402	0.092581 0.044720
403	0.092412 0.044720
404	0.092244 0.044680
405	0.092075 0.044760
406	0.091907 0.044840
407	0.091739 0.044880
408	0.091572 0.044840
409	0.091404 0.044840
410	0.091237 0.044680
411	0.091071 0.044800
412	0.090904 0.044920
413	0.090738 0.045040
414	0.090573 0.045040
415	0.090407 0.045000
416	0.090242 0.044960
417	0.090077 0.045040
418	0.089913 0.044680
419	0.089749 0.044520
420	0.089585 0.044480
421	0.089422 0.044440
422	0.089259 0.044400
423	0.089096 0.044360
424	0.088934 0.044200
425	0.088772 0.044080
426	0.088610 0.043960
427	0.088448 0.043840
428	0.088287 0.043920
429	0.088126 0.043960
430	0.087966 0.044000
431	0.087806 0.044080
432	0.087646 0.044040
433	0.087486 0.044040
434	0.087327 0.044000
435	0.087167 0.044040
436	0.087008 0.044120
437	0.086850 0.044080
438	0.086691 0.044080
439	0.086533 0.044120
440	0.086376 0.044040
441	0.086218 0.044160
442	0.086061 0.044160
443	0.085905 0.044080
444	0.085748 0.043920
445	0.085592 0.044000
446	0.085437 0.044000
447	0.085281 0.043960
448	0.085127 0.044120
449	0.084972 0.044200
450	0.084818 0.044360
451	0.084665 0.044520
452	0.084512 0.044760
453	0.084359 0.044600
454	0.084207 0.044800
455	0.084055 0.044680
456	0.083904 0.044640
457	0.083754 0.044640
458	0.083603 0.044640
459	0.083454 0.044520
460	0.083305 0.044440
461	0.083156 0.044440
462	0.083008 0.044480
463	0.082860 0.044400
464	0.082713 0.044440
465	0.082566 0.044440
466	0.082420 0.044280
467	0.082275 0.044360
468	0.082130 0.044320
469	0.081986 0.044280
470	0.081842 0.044440
471	0.081698 0.044320
472	0.081556 0.044120
473	0.081413 0.044040
474	0.081272 0.044000
475	0.081131 0.044000
476	0.080990 0.044040
477	0.080850 0.044040
478	0.080710 0.044360
479	0.080571 0.044200
480	0.080433 0.044320
481	0.080295 0.044440
482	0.080157 0.044440
483	0.080020 0.044480
484	0.079883 0.044560
485	0.079747 0.044560
486	0.079611 0.044800
487	0.079476 0.044880
488	0.079341 0.044760
489	0.079206 0.044600
490	0.079072 0.044600
491	0.078939 0.044720
492	0.078806 0.044680
493	0.078673 0.044720
494	0.078541 0.044720
495	0.078409 0.044800
496	0.078277 0.044920
497	0.078146 0.045120
498	0.078014 0.045280
499	0.077884 0.045360
500	0.077753 0.045360
501	0.077622 0.045520
502	0.077492 0.045480
503	0.077362 0.045240
504	0.077231 0.045040
505	0.077101 0.044880
506	0.076971 0.044840
507	0.076841 0.044960
508	0.076711 0.044880
509	0.076581 0.045000
510	0.076451 0.045040
511	0.076321 0.045480
512	0.076191 0.045440
513	0.076061 0.045440
514	0.075931 0.045360
515	0.075801 0.045320
516	0.075672 0.045400
517	0.075542 0.045400
518	0.075412 0.045480
519	0.075283 0.045280
520	0.075153 0.045200
521	0.075024 0.045280
522	0.074895 0.045280
523	0.074765 0.045360
524	0.074636 0.045400
525	0.074507 0.045480
526	0.074378 0.045480
527	0.074248 0.045240
528	0.074119 0.045240
529	0.073990 0.045280
530	0.073860 0.045360
531	0.073731 0.045240
532	0.073602 0.045240
533	0.073472 0.045280
534	0.073343 0.045280
535	0.073213 0.045320
536	0.073084 0.045280
537	0.072954 0.045240
538	0.072825 0.045120
539	0.072695 0.045120
540	0.072566 0.045040
541	0.072437 0.045080
542	0.072308 0.045120
543	0.072179 0.045200
544	0.072050 0.045240
545	0.071921 0.045200
546	0.071793 0.045160
547	0.071665 0.045080
548	0.071537 0.045000
549	0.071409 0.044440
550	0.071282 0.044280
551	0.071155 0.044240
552	0.071028 0.044200
553	0.070901 0.044120
554	0.070774 0.044000
555	0.070648 0.043840
556	0.070522 0.043840
557	0.070396 0.043480
558	0.070270 0.043480
559	0.070145 0.043560
560	0.070020 0.043320
561	0.069895 0.043360
562	0.069770 0.043120
563	0.069645 0.043200
564	0.069521 0.043320
565	0.069397 0.043280
566	0.069273 0.043400
567	0.069150 0.043400
568	0.069026 0.043400
569	0.068903 0.043240
570	0.068781 0.043320
571	0.068658 0.043480
572	0.068536 0.043480
573	0.068414 0.043600
574	0.068293 0.043520
575	0.068171 0.043640
576	0.068050 0.043720
577	0.067930 0.043640
578	0.067810 0.043680
579	0.067690 0.043840
580	0.067570 0.044000
581	0.067451 0.043960
582	0.067332 0.043840
583	0.067213 0.043400
584	0.067095 0.043440
585	0.066977 0.043280
586	0.066859 0.043240
587	0.066742 0.043160
588	0.066625 0.043160
589	0.066508 0.043200
590	0.066391 0.043120
591	0.066275 0.043080
592	0.066159 0.043080
593	0.066043 0.043000
594	0.065927 0.043000
595	0.065811 0.042880
596	0.065696 0.042880
597	0.065581 0.042800
598	0.065465 0.042960
599	0.065350 0.042800
600	0.065235 0.042720
601	0.065120 0.042720
602	0.065005 0.042800
603	0.064889 0.042840
604	0.064774 0.042800
605	0.064659 0.042840
606	0.064543 0.042760
607	0.064428 0.042760
608	0.064312 0.042760
609	0.064197 0.042680
610	0.064081 0.042640
611	0.063964 0.042680
612	0.063848 0.042760
613	0.063732 0.042760
614	0.063615 0.042800
615	0.063498 0.042720
616	0.063381 0.042720
617	0.063264 0.042680
618	0.063146 0.042640
619	0.063029 0.042600
620	0.062911 0.042520
621	0.062794 0.042360
622	0.062676 0.042400
623	0.062558 0.042440
624	0.062441 0.042440
625	0.062324 0.042400
626	0.062207 0.042400
627	0.062091 0.042400
628	0.061975 0.042400
629	0.061859 0.042440
630	0.061744 0.042360
631	0.061630 0.042280
632	0.061516 0.042200
633	0.061403 0.042120
634	0.061291 0.042080
635	0.061179 0.042080
636	0.061068 0.042000
637	0.060958 0.042040
638	0.060848 0.041800
639	0.060739 0.041880
640	0.060631 0.041960
641	0.060523 0.042040
642	0.060415 0.042000
643	0.060308 0.042040
644	0.060202 0.042040
645	0.060096 0.042080
646	0.059991 0.042120
647	0.059886 0.042120
648	0.059782 0.042240
649	0.059678 0.042240
650	0.059574 0.042280
651	0.059471 0.042280
652	0.059368 0.042240
653	0.059266 0.042240
654	0.059164 0.042040
655	0.059062 0.042000
656	0.058961 0.041920
657	0.058860 0.041960
658	0.058760 0.041840
659	0.058660 0.041680
660	0.058560 0.041640
661	0.058461 0.041320
662	0.058362 0.041320
663	0.058263 0.041320
664	0.058165 0.041240
665	0.058067 0.041080
666	0.057970 0.041120
667	0.057873 0.041120
668	0.057776 0.041080
669	0.057680 0.040880
670	0.057585 0.040760
671	0.057489 0.040680
672	0.057395 0.040720
673	0.057300 0.040680
674	0.057207 0.040640
675	0.057114 0.040600
676	0.057021 0.040560
677	0.056930 0.040400
678	0.056839 0.040400
679	0.056749 0.040240
680	0.056660 0.040240
681	0.056572 0.040240
682	0.056486 0.040080
683	0.056400 0.040080
684	0.056316 0.040080
685	0.056233 0.040080
686	0.056152 0.040040
687	0.056072 0.040080
688	0.055994 0.040040
689	0.055917 0.040000
690	0.055842 0.039920
691	0.055769 0.040040
692	0.055699 0.040040
693	0.055634 0.040160
694	0.055575 0.040040
695	0.055523 0.039680
696	0.055477 0.039520
697	0.055432 0.039560
698	0.055379 0.039480
699	0.055315 0.039280
700	0.055242 0.039280
701	0.055165 0.039280
702	0.055085 0.039080
703	0.055003 0.038880
704	0.054920 0.038720
705	0.054837 0.038640
706	0.054754 0.038760
707	0.054670 0.038760
708	0.054586 0.038640
709	0.054502 0.038440
710	0.054418 0.038320
711	0.054335 0.038280
712	0.054252 0.037680
713	0.054169 0.037680
714	0.054086 0.037640
715	0.054004 0.037600
716	0.053922 0.037520
717	0.053840 0.037400
718	0.053758 0.037320
719	0.053677 0.037240
720	0.053596 0.037200
721	0.053515 0.037120
722	0.053435 0.037080
723	0.053354 0.037080
724	0.053273 0.037000
725	0.053193 0.036960
726	0.053113 0.036960
727	0.053033 0.036960
728	0.052952 0.037000
729	0.052872 0.036960
730	0.052792 0.037000
731	0.052712 0.036960
732	0.052633 0.037280
733	0.052553 0.037480
734	0.052474 0.037600
735	0.052394 0.037880
736	0.052315 0.037760
737	0.052237 0.037840
738	0.052159 0.037560
739	0.052081 0.037560
740	0.052003 0.037560
741	0.051926 0.037400
742	0.051850 0.037480
743	0.051774 0.037440
744	0.051698 0.037280
745	0.051623 0.037040
746	0.051549 0.036920
747	0.051475 0.036800
748	0.051402 0.036720
749	0.051329 0.036560
750	0.051257 0.036640
751	0.051186 0.036680
752	0.051115 0.036600
753	0.051046 0.036600
754	0.050977 0.036520
755	0.050909 0.036640
756	0.050842 0.036600
757	0.050776 0.036640
758	0.050711 0.036680
759	0.050646 0.036720
760	0.050582 0.036680
761	0.050518 0.036720
762	0.050453 0.036720
763	0.050388 0.036640
764	0.050322 0.036680
765	0.050256 0.036760
766	0.050189 0.036880
767	0.050122 0.036880
768	0.050053 0.036840
769	0.049985 0.036760
770	0.049916 0.036640
771	0.049846 0.036640
772	0.049776 0.036400
773	0.049706 0.036440
774	0.049636 0.036440
775	0.049566 0.036520
776	0.049496 0.036520
777	0.049426 0.036480
778	0.049356 0.036640
779	0.049286 0.036520
780	0.049216 0.036440
781	0.049146 0.036120
782	0.049075 0.036120
783	0.049005 0.036200
784	0.048934 0.036120
785	0.048863 0.036120
786	0.048792 0.036040
787	0.048720 0.035960
788	0.048648 0.035760
789	0.048575 0.035760
790	0.048503 0.035680
791	0.048432 0.035640
792	0.048361 0.035720
793	0.048290 0.035720
794	0.048220 0.035640
795	0.048151 0.035680
796	0.048082 0.035640
797	0.048015 0.035600
798	0.047947 0.035680
799	0.047881 0.035720
800	0.047815 0.035840
801	0.047750 0.035840
802	0.047685 0.035920
803	0.047621 0.035800
804	0.047557 0.035720
805	0.047494 0.035320
806	0.047431 0.035200
807	0.047369 0.035200
808	0.047307 0.035120
809	0.047246 0.035120
810	0.047185 0.035120
811	0.047125 0.035120
812	0.047064 0.035080
813	0.047004 0.034960
814	0.046943 0.035000
815	0.046882 0.034960
816	0.046820 0.034960
817	0.046757 0.035000
818	0.046692 0.035000
819	0.046629 0.034960
820	0.046572 0.035040
821	0.046514 0.034920
822	0.046454 0.034960
823	0.046395 0.034840
824	0.046327 0.034920
825	0.046259 0.034880
826	0.046193 0.034760
827	0.046130 0.034720
828	0.046070 0.034600
829	0.046011 0.034760
830	0.045950 0.034800
831	0.045889 0.034800
832	0.045827 0.034760
833	0.045766 0.034680
834	0.045706 0.034640
835	0.045645 0.034640
836	0.045585 0.034920
837	0.045525 0.034840
838	0.045464 0.034840
839	0.045403 0.034560
840	0.045341 0.034600
841	0.045280 0.034920
842	0.045218 0.034880
843	0.045155 0.034760
844	0.045093 0.034680
845	0.045031 0.034560
846	0.044969 0.034280
847	0.044907 0.034000
848	0.044845 0.034080
849	0.044784 0.034040
850	0.044723 0.033880
851	0.044662 0.033840
852	0.044602 0.033800
853	0.044542 0.033840
854	0.044483 0.033760
855	0.044424 0.033720
856	0.044366 0.033760
857	0.044309 0.033720
858	0.044252 0.033640
859	0.044195 0.033640
860	0.044139 0.033600
861	0.044083 0.033520
862	0.044028 0.033440
863	0.043973 0.033440
864	0.043919 0.033440
865	0.043865 0.033320
866	0.043811 0.033360
867	0.043758 0.033160
868	0.043706 0.033240
869	0.043654 0.033080
870	0.043602 0.033000
871	0.043551 0.033040
872	0.043500 0.033000
873	0.043449 0.033200
874	0.043398 0.033200
875	0.043348 0.033320
876	0.043298 0.033360
877	0.043249 0.033360
878	0.043199 0.033360
879	0.043149 0.033360
880	0.043100 0.033280
881	0.043050 0.033360
882	0.043001 0.033280
883	0.042952 0.033240
884	0.042902 0.033320
885	0.042852 0.033240
886	0.042803 0.033240
887	0.042753 0.033240
888	0.042703 0.033120
889	0.042652 0.033160
890	0.042602 0.033240
891	0.042551 0.033120
892	0.042500 0.033160
893	0.042449 0.033040
894	0.042397 0.032920
895	0.042346 0.032920
896	0.042294 0.033000
897	0.042241 0.033040
898	0.042189 0.033040
899	0.042136 0.033000
900	0.042083 0.033000
901	0.042029 0.032840
902	0.041975 0.032720
903	0.041922 0.032640
904	0.041868 0.032640
905	0.041814 0.032600
906	0.041760 0.032480
907	0.041706 0.032400
908	0.041653 0.032400
909	0.041599 0.032480
910	0.041546 0.032480
911	0.041492 0.032520
912	0.041439 0.032480
913	0.041387 0.032400
914	0.041334 0.032400
915	0.041282 0.032280
916	0.041230 0.032160
917	0.041179 0.032120
918	0.041128 0.032120
919	0.041077 0.032080
920	0.041027 0.032040
921	0.040977 0.031960
922	0.040928 0.031920
923	0.040879 0.031840
924	0.040831 0.031760
925	0.040784 0.031800
926	0.040737 0.031840
927	0.040690 0.031880
928	0.040644 0.031840
929	0.040599 0.031840
930	0.040554 0.031920
931	0.040509 0.031960
932	0.040465 0.032040
933	0.040421 0.032000
934	0.040377 0.031920
935	0.040334 0.031960
936	0.040290 0.031960
937	0.040247 0.031960
938	0.040204 0.031880
939	0.040162 0.031960
940	0.040120 0.031840
941	0.040078 0.031560
942	0.040036 0.031400
943	0.039995 0.031520
944	0.039955 0.031520
945	0.039915 0.031480
946	0.039875 0.031520
947	0.039837 0.031520
948	0.039799 0.031680
949	0.039762 0.032000
950	0.039726 0.032080
951	0.039691 0.032160
952	0.039657 0.032280
953	0.039625 0.032480
954	0.039595 0.032600
955	0.039567 0.032960
956	0.039541 0.032880
957	0.039518 0.032880
958	0.039498 0.032920
959	0.039481 0.032960
960	0.039468 0.032960
961	0.039458 0.032920
962	0.039450 0.032920
963	0.039442 0.032920
964	0.039434 0.032880
965	0.039423 0.032920
966	0.039409 0.032880
967	0.039392 0.032960
968	0.039372 0.033000
969	0.039349 0.033040
970	0.039324 0.033040
971	0.039296 0.033200
972	0.039267 0.033120
973	0.039236 0.033120
974	0.039204 0.032960
975	0.039172 0.033000
976	0.039140 0.033040
977	0.039109 0.032920
978	0.039079 0.032920
979	0.039050 0.032840
980	0.039021 0.032840
981	0.038994 0.032760
982	0.038966 0.032640
983	0.038940 0.032680
984	0.038913 0.032560
985	0.038886 0.032520
986	0.038858 0.032520
987	0.038830 0.032520
988	0.038802 0.032560
989	0.038773 0.032480
990	0.038743 0.032480
991	0.038712 0.032280
992	0.038680 0.032120
993	0.038648 0.032280
994	0.038615 0.032240
995	0.038581 0.032240
996	0.038547 0.032240
997	0.038512 0.032280
998	0.038476 0.032240
999	0.038440 0.032160
1000	0.038404 0.032200
1001	0.038367 0.032080
1002	0.038329 0.031840
1003	0.038291 0.031880
1004	0.038252 0.031880
1005	0.038214 0.031840
1006	0.038175 0.031680
1007	0.038137 0.031560
1008	0.038100 0.031320
1009	0.038064 0.031200
1010	0.038028 0.031160
1011	0.037992 0.031200
1012	0.037956 0.030880
1013	0.037919 0.030800
1014	0.037881 0.030760
1015	0.037843 0.030920
1016	0.037804 0.030800
1017	0.037766 0.031000
1018	0.037728 0.031040
1019	0.037691 0.031000
1020	0.037656 0.031040
1021	0.037623 0.031000
1022	0.037591 0.031160
1023	0.037561 0.031440
1024	0.037533 0.031520
1025	0.037507 0.031480
1026	0.037482 0.031480
1027	0.037458 0.031440
1028	0.037436 0.031480
1029	0.037415 0.031520
1030	0.037394 0.031480
1031	0.037375 0.031440
1032	0.037355 0.031320
1033	0.037337 0.031320
1034	0.037318 0.031280
1035	0.037300 0.031280
1036	0.037282 0.031240
1037	0.037264 0.031280
1038	0.037247 0.031320
1039	0.037231 0.031320
1040	0.037214 0.030920
1041	0.037199 0.030920
1042	0.037183 0.031000
1043	0.037169 0.030960
1044	0.037154 0.030960
1045	0.037141 0.031000
1046	0.037127 0.031000
1047	0.037114 0.031000
1048	0.037100 0.030920
1049	0.037086 0.030800
1050	0.037072 0.030960
1051	0.037057 0.031080
1052	0.037043 0.031160
1053	0.037031 0.031280
1054	0.037023 0.031360
1055	0.037025 0.031320
1056	0.037054 0.031120
1057	0.037142 0.030800
1058	0.037313 0.030840
1059	0.037606 0.032400
1060	0.037181 0.031440
1061	0.037409 0.030600
1062	0.037837 0.032240
1063	0.037092 0.030720
1064	0.037435 0.030280
1065	0.038373 0.032480
1066	0.037614 0.031840
1067	0.048315 0.034800
1068	0.039805 0.029600
1069	0.037743 0.030600
1070	0.037510 0.030920
1071	0.037133 0.029040
1072	0.036662 0.029520
1073	0.036992 0.030400
1074	0.037309 0.031320
1075	0.037297 0.030800
1076	0.037224 0.031000
1077	0.036941 0.030240
1078	0.036791 0.030440
1079	0.036873 0.030160
1080	0.037152 0.031600
1081	0.036790 0.029760
1082	0.037026 0.031800
1083	0.036568 0.029880
1084	0.037300 0.032360
1085	0.036697 0.030200
1086	0.037316 0.030960
1087	0.036780 0.030560
1088	0.037550 0.031640
1089	0.036675 0.032720
1090	0.036958 0.030600
1091	0.036455 0.030760
1092	0.036504 0.029960
1093	0.036727 0.029800
1094	0.036679 0.030400
1095	0.036574 0.031040
1096	0.036601 0.030560
1097	0.036563 0.030400
1098	0.036500 0.030480
1099	0.036315 0.030200
1100	0.036455 0.030680
1101	0.036392 0.030320
1102	0.036476 0.031240
1103	0.036358 0.030280
1104	0.036378 0.031120
1105	0.036172 0.030240
1106	0.036160 0.030200
1107	0.036066 0.030040
1108	0.035942 0.030120
1109	0.035848 0.030080
1110	0.035790 0.030360
1111	0.035836 0.030400
1112	0.035887 0.030320
1113	0.035860 0.030320
1114	0.035811 0.030720
1115	0.035888 0.030400
1116	0.035971 0.030400
1117	0.036018 0.030160
1118	0.036031 0.030320
1119	0.036416 0.030880
1120	0.036143 0.031080
1121	0.036468 0.031480
1122	0.036047 0.031240
1123	0.036070 0.030880
1124	0.036447 0.031520
1125	0.038575 0.032840
1126	0.047454 0.037200
1127	0.045759 0.032320
1128	0.040832 0.031120
1129	0.038386 0.033320
1130	0.040506 0.029960
1131	0.037582 0.031240
1132	0.036336 0.031080
1133	0.036685 0.031280
1134	0.037322 0.039400
1135	0.038341 0.030720
1136	0.036798 0.031200
1137	0.036294 0.030880
1138	0.037109 0.031000
1139	0.037559 0.031520
1140	0.037272 0.030280
1141	0.037636 0.030360
1142	0.036862 0.032120
1143	0.039167 0.030480
1144	0.037886 0.031200
1145	0.036249 0.031480
1146	0.036274 0.030920
1147	0.036997 0.032280
1148	0.040307 0.031200
1149	0.038367 0.031360
1150	0.036551 0.031720
1151	0.036493 0.032760
1152	0.036609 0.031960
1153	0.035553 0.030720
1154	0.035836 0.029920
1155	0.036040 0.030440
1156	0.035677 0.030360
1157	0.036031 0.031160
1158	0.035283 0.029480
1159	0.035063 0.030600
1160	0.035481 0.030720
1161	0.035375 0.030600
1162	0.035398 0.030920
1163	0.035616 0.029800
1164	0.035417 0.029640
1165	0.036922 0.032880
1166	0.035666 0.030120
1167	0.037476 0.030120
1168	0.038502 0.032240
1169	0.035949 0.031600
1170	0.035876 0.030680
1171	0.036796 0.028040
1172	0.043993 0.030840
1173	0.037610 0.030320
1174	0.036741 0.030160
1175	0.037031 0.029800
1176	0.038858 0.030960
1177	0.035448 0.030200
1178	0.036265 0.031640
1179	0.036007 0.030800
1180	0.034794 0.029480
1181	0.035650 0.030240
1182	0.034997 0.029440
1183	0.035741 0.030560
1184	0.035148 0.030520
1185	0.035316 0.029320
1186	0.036818 0.029880
1187	0.037225 0.030680
1188	0.036007 0.032160
1189	0.035209 0.029080
1190	0.034944 0.030680
1191	0.034689 0.030080
1192	0.035223 0.029000
1193	0.034649 0.030680
1194	0.035097 0.028960
1195	0.034899 0.032200
1196	0.035512 0.030560
1197	0.035067 0.028920
1198	0.034940 0.030320
1199	0.034304 0.031680
1200	0.034721 0.030600
1201	0.035152 0.031520
1202	0.034789 0.029800
1203	0.034667 0.030440
1204	0.034578 0.029280
1205	0.036616 0.036640
1206	0.039622 0.032160
1207	0.044245 0.032280
1208	0.037423 0.036440
1209	0.035643 0.030600
1210	0.034527 0.029640
1211	0.035315 0.031600
1212	0.034892 0.029960
1213	0.034462 0.029360
1214	0.034212 0.031320
1215	0.034494 0.030000
1216	0.035457 0.031840
1217	0.040682 0.030760
1218	0.036909 0.033680
1219	0.039261 0.028120
1220	0.034851 0.031600
1221	0.035034 0.031320
1222	0.034654 0.030840
1223	0.034890 0.030520
1224	0.034937 0.032800
1225	0.036647 0.030920
1226	0.037198 0.037160
1227	0.035672 0.031200
1228	0.034996 0.032160
1229	0.034847 0.032040
1230	0.034906 0.030480
1231	0.033719 0.031160
1232	0.034396 0.030680
1233	0.033521 0.030240
1234	0.034089 0.031400
1235	0.033663 0.030480
1236	0.035910 0.032680
1237	0.037840 0.031280
1238	0.037666 0.029520
1239	0.036013 0.030840
1240	0.038071 0.030360
1241	0.038666 0.028680
1242	0.036183 0.031280
1243	0.038677 0.041920
1244	0.037732 0.029080
1245	0.036659 0.031280
1246	0.034638 0.030760
1247	0.034396 0.031400
1248	0.034023 0.030880
1249	0.033343 0.030800
1250	0.033593 0.030440
1251	0.033380 0.030560
1252	0.033408 0.030320
1253	0.033445 0.030760
1254	0.033389 0.030880
1255	0.033534 0.030800
1256	0.033648 0.030760
1257	0.033769 0.030840
1258	0.033783 0.030600
1259	0.033807 0.030680
1260	0.033804 0.030800
1261	0.033796 0.030640
1262	0.033775 0.030520
1263	0.033752 0.030720
1264	0.033757 0.030600
1265	0.033770 0.031040
1266	0.033798 0.031080
1267	0.034002 0.031160
1268	0.034124 0.030080
1269	0.034202 0.029440
1270	0.034046 0.030480
1271	0.034834 0.030880
1272	0.035245 0.031480
1273	0.034841 0.032560
1274	0.036577 0.032480
1275	0.045164 0.031960
1276	0.038810 0.032800
1277	0.034632 0.031640
1278	0.033776 0.031080
1279	0.035081 0.030760
1280	0.033956 0.029920
1281	0.033653 0.031960
1282	0.034560 0.030280
1283	0.033660 0.030840
1284	0.033588 0.030480
1285	0.033388 0.032880
1286	0.033745 0.031680
1287	0.033751 0.029720
1288	0.033747 0.032080
1289	0.033464 0.031000
1290	0.033655 0.030400
1291	0.035021 0.032160
1292	0.034077 0.031240
1293	0.033479 0.033200
1294	0.037163 0.033080
1295	0.034697 0.030160
1296	0.033350 0.030240
1297	0.033790 0.031440
1298	0.034970 0.033200
1299	0.034283 0.032240
1300	0.033472 0.029960
1301	0.033376 0.030720
1302	0.033969 0.031440
1303	0.033731 0.031160
1304	0.033463 0.030640
1305	0.034118 0.036000
1306	0.044906 0.032040
1307	0.039015 0.033440
1308	0.034594 0.030320
1309	0.033357 0.029080
1310	0.032990 0.029920
1311	0.033763 0.030640
1312	0.033113 0.030160
1313	0.033227 0.030160
1314	0.033032 0.030200
1315	0.033281 0.030800
1316	0.033150 0.030400
1317	0.033195 0.029920
1318	0.033009 0.030120
1319	0.033107 0.030560
1320	0.033035 0.030840
1321	0.032871 0.030200
1322	0.032593 0.030440
1323	0.032649 0.030720
1324	0.032367 0.030840
1325	0.032332 0.030800
1326	0.032531 0.030840
1327	0.034110 0.034480
1328	0.048005 0.035760
1329	0.038049 0.032000
1330	0.035933 0.032560
1331	0.033077 0.029880
1332	0.033683 0.033000
1333	0.032969 0.029280
1334	0.032841 0.030800
1335	0.032922 0.032080
1336	0.033364 0.032720
1337	0.033181 0.029640
1338	0.033288 0.030160
1339	0.033331 0.030080
1340	0.032839 0.031120
1341	0.032771 0.031080
1342	0.032427 0.030680
1343	0.032417 0.030880
1344	0.032393 0.031400
1345	0.032491 0.031040
1346	0.032527 0.030240
1347	0.032899 0.030960
1348	0.032922 0.030240
1349	0.032884 0.029840
1350	0.032944 0.029800
1351	0.032847 0.030200
1352	0.032927 0.030200
1353	0.032833 0.029120
1354	0.036089 0.029560
1355	0.034325 0.031040
1356	0.033157 0.028680
1357	0.032276 0.030000
1358	0.032069 0.030360
1359	0.032473 0.030920
1360	0.032142 0.029880
1361	0.032498 0.031640
1362	0.032293 0.029520
1363	0.032243 0.030080
1364	0.032721 0.029880
1365	0.032420 0.030280
1366	0.038652 0.028760
1367	0.042409 0.029880
1368	0.035332 0.029200
1369	0.035263 0.030400
1370	0.033868 0.031000
1371	0.034459 0.030200
1372	0.033611 0.030400
1373	0.032942 0.030200
1374	0.032072 0.029560
1375	0.031907 0.029160
1376	0.031965 0.029960
1377	0.033048 0.030920
1378	0.033183 0.030760
1379	0.031937 0.031120
1380	0.033241 0.029560
1381	0.031974 0.030320
1382	0.031703 0.029720
1383	0.031519 0.029160
1384	0.031851 0.029520
1385	0.031993 0.029920
1386	0.031556 0.029880
1387	0.031677 0.029040
1388	0.031452 0.029800
1389	0.031652 0.029680
1390	0.031378 0.030000
1391	0.031601 0.029400
1392	0.031127 0.029480
1393	0.031768 0.029600
1394	0.034391 0.029360
1395	0.032577 0.030560
1396	0.033236 0.030600
1397	0.040333 0.032320
1398	0.045826 0.026880
1399	0.035833 0.027360
1400	0.032877 0.030880
1401	0.041509 0.028680
1402	0.036451 0.031600
1403	0.035369 0.029600
1404	0.038711 0.029120
1405	0.033594 0.028520
1406	0.033801 0.030160
1407	0.033550 0.029960
1408	0.032839 0.028080
1409	0.031959 0.028960
1410	0.032418 0.028680
1411	0.032332 0.029240
1412	0.031647 0.030120
1413	0.032784 0.029600
1414	0.032712 0.029160
1415	0.031551 0.028680
1416	0.030711 0.028520
1417	0.031494 0.027720
1418	0.032309 0.028960
1419	0.031036 0.028400
1420	0.032309 0.028760
1421	0.031392 0.029760
1422	0.030780 0.028960
1423	0.030997 0.029560
1424	0.031472 0.029160
1425	0.032124 0.028280
1426	0.032488 0.029560
1427	0.033505 0.030240
1428	0.031168 0.029520
1429	0.031183 0.030280
1430	0.031394 0.029480
1431	0.031022 0.029200
1432	0.031110 0.029120
1433	0.031643 0.029600
1434	0.031168 0.028680
1435	0.031425 0.030080
1436	0.032687 0.029480
1437	0.037502 0.029120
1438	0.033790 0.029520
1439	0.031119 0.030760
1440	0.031746 0.030360
1441	0.031052 0.030120
1442	0.031335 0.029520
1443	0.031300 0.029720
1444	0.030782 0.028920
1445	0.033761 0.030320
1446	0.032252 0.028200
1447	0.031079 0.030920
1448	0.033708 0.028120
1449	0.031321 0.031040
1450	0.030864 0.031120
1451	0.031171 0.030160
1452	0.031407 0.029680
1453	0.033299 0.031080
1454	0.043581 0.032640
1455	0.040633 0.027480
1456	0.035444 0.029480
1457	0.035587 0.030480
1458	0.032214 0.029120
1459	0.031263 0.029760
1460	0.032009 0.028280
1461	0.031762 0.029160
1462	0.033244 0.028440
1463	0.038793 0.034680
1464	0.033518 0.029680
1465	0.033287 0.029400
1466	0.031825 0.031040
1467	0.032180 0.030640
1468	0.032074 0.030480
1469	0.039203 0.028880
1470	0.032454 0.029240
1471	0.031565 0.030360
1472	0.030599 0.030320
1473	0.031049 0.030240
1474	0.031625 0.030440
1475	0.032351 0.033680
1476	0.033158 0.030560
1477	0.031076 0.030240
1478	0.031940 0.029560
1479	0.038581 0.033600
1480	0.036779 0.028480
1481	0.033516 0.030200
1482	0.034450 0.028560
1483	0.035700 0.029960
1484	0.033367 0.029600
1485	0.033339 0.028200
1486	0.032471 0.030440
1487	0.032832 0.029440
1488	0.031211 0.030640
1489	0.033964 0.031200
1490	0.032662 0.028400
1491	0.031356 0.029840
1492	0.034496 0.029200
1493	0.031423 0.029760
1494	0.033340 0.029000
1495	0.031279 0.028760
1496	0.031251 0.028400
1497	0.031330 0.028480
1498	0.031939 0.028400
1499	0.032677 0.029400
