0	1.059108 0.228120
1	0.622220 0.157040
2	0.505060 0.138880
3	0.449483 0.127920
4	0.416167 0.119720
5	0.393173 0.114720
6	0.375950 0.110960
7	0.362337 0.107120
8	0.351171 0.104640
9	0.341779 0.102880
10	0.333732 0.101480
11	0.326739 0.100440
12	0.320586 0.100000
13	0.315113 0.099360
14	0.310194 0.098680
15	0.305730 0.097160
16	0.301640 0.094800
17	0.297863 0.093680
18	0.294346 0.092920
19	0.291050 0.091840
20	0.287942 0.091160
21	0.284994 0.090360
22	0.282185 0.089720
23	0.279498 0.088960
24	0.276916 0.088320
25	0.274429 0.087440
26	0.272025 0.085760
27	0.269698 0.085240
28	0.267443 0.085080
29	0.265256 0.084200
30	0.263136 0.083640
31	0.261080 0.082800
32	0.259087 0.082280
33	0.257154 0.081960
34	0.255279 0.081440
35	0.253459 0.080960
36	0.251691 0.080680
37	0.249974 0.080760
38	0.248304 0.080520
39	0.246680 0.080520
40	0.245098 0.080120
41	0.243558 0.078840
42	0.242057 0.078320
43	0.240593 0.077720
44	0.239164 0.077440
45	0.237769 0.076800
46	0.236406 0.075800
47	0.235073 0.075440
48	0.233769 0.074840
49	0.232492 0.074440
50	0.231241 0.074040
51	0.230015 0.073720
52	0.228812 0.073520
53	0.227631 0.072960
54	0.226472 0.072560
55	0.225332 0.072360
56	0.224213 0.072200
57	0.223111 0.072080
58	0.222028 0.071440
59	0.220961 0.071160
60	0.219910 0.070680
61	0.218874 0.069960
62	0.217852 0.069840
63	0.216845 0.069680
64	0.215850 0.069280
65	0.214868 0.068680
66	0.213898 0.068520
67	0.212940 0.068480
68	0.211993 0.068600
69	0.211056 0.068440
70	0.210130 0.068280
71	0.209213 0.067840
72	0.208307 0.067480
73	0.207410 0.067240
74	0.206522 0.067040
75	0.205643 0.066680
76	0.204773 0.066600
77	0.203912 0.066280
78	0.203059 0.066080
79	0.202214 0.065720
80	0.201378 0.065440
81	0.200549 0.064640
82	0.199729 0.063920
83	0.198916 0.063520
84	0.198110 0.061960
85	0.197312 0.061680
86	0.196521 0.061720
87	0.195737 0.061680
88	0.194961 0.061200
89	0.194191 0.061200
90	0.193428 0.061000
91	0.192672 0.060480
92	0.191922 0.060400
93	0.191178 0.060080
94	0.190441 0.059680
95	0.189710 0.059360
96	0.188985 0.059280
97	0.188266 0.059040
98	0.187553 0.059160
99	0.186846 0.059680
100	0.186145 0.059760
101	0.185449 0.059680
102	0.184760 0.059600
103	0.184076 0.059560
104	0.183398 0.059400
105	0.182725 0.059280
106	0.182059 0.059120
107	0.181398 0.059000
108	0.180742 0.059000
109	0.180092 0.058480
110	0.179448 0.058400
111	0.178809 0.058360
112	0.178175 0.058080
113	0.177547 0.058360
114	0.176924 0.058080
115	0.176307 0.058000
116	0.175695 0.057760
117	0.175087 0.057920
118	0.174485 0.057880
119	0.173888 0.058000
120	0.173296 0.057880
121	0.172708 0.058000
122	0.172126 0.058000
123	0.171548 0.057720
124	0.170975 0.057760
125	0.170406 0.057720
126	0.169842 0.057680
127	0.169282 0.057440
128	0.168727 0.057160
129	0.168176 0.057040
130	0.167629 0.057040
131	0.167086 0.056960
132	0.166547 0.056720
133	0.166012 0.056400
134	0.165481 0.056280
135	0.164954 0.056120
136	0.164431 0.056000
137	0.163911 0.055800
138	0.163395 0.055640
139	0.162883 0.055600
140	0.162374 0.055800
141	0.161868 0.055680
142	0.161366 0.055560
143	0.160867 0.055440
144	0.160371 0.055040
145	0.159879 0.054880
146	0.159389 0.055280
147	0.158903 0.054960
148	0.158420 0.054840
149	0.157940 0.054840
150	0.157462 0.054720
151	0.156988 0.054680
152	0.156517 0.054600
153	0.156048 0.054640
154	0.155583 0.054440
155	0.155120 0.054360
156	0.154659 0.054240
157	0.154202 0.054120
158	0.153747 0.053960
159	0.153295 0.053960
160	0.152845 0.053800
161	0.152397 0.053640
162	0.151953 0.053520
163	0.151510 0.053560
164	0.151070 0.053440
165	0.150632 0.053400
166	0.150197 0.053400
167	0.149764 0.053320
168	0.149333 0.053240
169	0.148904 0.053000
170	0.148477 0.053120
171	0.148053 0.052520
172	0.147631 0.052560
173	0.147210 0.052480
174	0.146792 0.052480
175	0.146377 0.052480
176	0.145963 0.052440
177	0.145551 0.052560
178	0.145141 0.052520
179	0.144734 0.053160
180	0.144328 0.053040
181	0.143925 0.052880
182	0.143524 0.052960
183	0.143125 0.052960
184	0.142728 0.052960
185	0.142333 0.052960
186	0.141940 0.052800
187	0.141549 0.052520
188	0.141160 0.052400
189	0.140774 0.052400
190	0.140389 0.052480
191	0.140007 0.052480
192	0.139626 0.052360
193	0.139248 0.052240
194	0.138871 0.052200
195	0.138497 0.052240
196	0.138125 0.051960
197	0.137755 0.051960
198	0.137386 0.051760
199	0.137020 0.051800
200	0.136655 0.051560
201	0.136293 0.051320
202	0.135932 0.051320
203	0.135573 0.051200
204	0.135216 0.051040
205	0.134861 0.051040
206	0.134507 0.051080
207	0.134156 0.051120
208	0.133806 0.051080
209	0.133457 0.051160
210	0.133111 0.050840
211	0.132766 0.050920
212	0.132423 0.050840
213	0.132081 0.050680
214	0.131741 0.050600
215	0.131402 0.050360
216	0.131065 0.050160
217	0.130729 0.049920
218	0.130395 0.050000
219	0.130063 0.049960
220	0.129732 0.049840
221	0.129403 0.049840
222	0.129075 0.049880
223	0.128748 0.050040
224	0.128423 0.050040
225	0.128100 0.050040
226	0.127778 0.050120
227	0.127457 0.050120
228	0.127138 0.050040
229	0.126820 0.049920
230	0.126504 0.049840
231	0.126189 0.049720
232	0.125876 0.049720
233	0.125564 0.048880
234	0.125254 0.048880
235	0.124945 0.048840
236	0.124637 0.048960
237	0.124331 0.048840
238	0.124026 0.048800
239	0.123722 0.048760
240	0.123420 0.048720
241	0.123119 0.048680
242	0.122819 0.048560
243	0.122521 0.048600
244	0.122224 0.048680
245	0.121928 0.048520
246	0.121633 0.048320
247	0.121339 0.048280
248	0.121047 0.048120
249	0.120755 0.047880
250	0.120465 0.047880
251	0.120176 0.047600
252	0.119888 0.047520
253	0.119601 0.047520
254	0.119315 0.047360
255	0.119030 0.047520
256	0.118746 0.047480
257	0.118463 0.047400
258	0.118182 0.047320
259	0.117901 0.047160
260	0.117622 0.047000
261	0.117343 0.046960
262	0.117066 0.047000
263	0.116789 0.046920
264	0.116514 0.046960
265	0.116240 0.046800
266	0.115967 0.046720
267	0.115696 0.046720
268	0.115425 0.046760
269	0.115156 0.046480
270	0.114888 0.046480
271	0.114621 0.046560
272	0.114356 0.046640
273	0.114092 0.046480
274	0.113829 0.046360
275	0.113567 0.046520
276	0.113307 0.046360
277	0.113048 0.046400
278	0.112791 0.046360
279	0.112534 0.046280
280	0.112279 0.046240
281	0.112025 0.046120
282	0.111773 0.046000
283	0.111522 0.045960
284	0.111272 0.046000
285	0.111023 0.045880
286	0.110775 0.045800
287	0.110528 0.045720
288	0.110282 0.045760
289	0.110038 0.045840
290	0.109794 0.045840
291	0.109551 0.045800
292	0.109309 0.045960
293	0.109068 0.045920
294	0.108828 0.045880
295	0.108589 0.045800
296	0.108351 0.045840
297	0.108114 0.045720
298	0.107877 0.045760
299	0.107641 0.045760
300	0.107406 0.045840
301	0.107172 0.045760
302	0.106939 0.045720
303	0.106706 0.045600
304	0.106474 0.045680
305	0.106244 0.045720
306	0.106014 0.045680
307	0.105785 0.045520
308	0.105556 0.045560
309	0.105329 0.045560
310	0.105102 0.045520
311	0.104877 0.045360
312	0.104652 0.045400
313	0.104428 0.045360
314	0.104205 0.045360
315	0.103983 0.045360
316	0.103762 0.045440
317	0.103542 0.045480
318	0.103322 0.045520
319	0.103104 0.045560
320	0.102886 0.045440
321	0.102669 0.045240
322	0.102454 0.045080
323	0.102239 0.044920
324	0.102025 0.044800
325	0.101812 0.044720
326	0.101599 0.044600
327	0.101388 0.044720
328	0.101178 0.044600
329	0.100968 0.044720
330	0.100759 0.044760
331	0.100551 0.044800
332	0.100345 0.044720
333	0.100138 0.044760
334	0.099933 0.044600
335	0.099729 0.044520
336	0.099525 0.044600
337	0.099322 0.044400
338	0.099121 0.044400
339	0.098920 0.044360
340	0.098719 0.044400
341	0.098520 0.044240
342	0.098321 0.044280
343	0.098123 0.044240
344	0.097926 0.044160
345	0.097730 0.043960
346	0.097534 0.043960
347	0.097339 0.043840
348	0.097145 0.043640
349	0.096952 0.043520
350	0.096759 0.043440
351	0.096566 0.043480
352	0.096375 0.043560
353	0.096183 0.043480
354	0.095993 0.043480
355	0.095802 0.043480
356	0.095613 0.043400
357	0.095423 0.043360
358	0.095235 0.043480
359	0.095046 0.043320
360	0.094858 0.042960
361	0.094670 0.042920
362	0.094483 0.042800
363	0.094296 0.042720
364	0.094110 0.042640
365	0.093923 0.042600
366	0.093738 0.042600
367	0.093552 0.042640
368	0.093367 0.042600
369	0.093183 0.042600
370	0.092999 0.042480
371	0.092815 0.042520
372	0.092632 0.042560
373	0.092449 0.042560
374	0.092267 0.042600
375	0.092085 0.042680
376	0.091904 0.042600
377	0.091723 0.042520
378	0.091543 0.042360
379	0.091364 0.042440
380	0.091185 0.042400
381	0.091006 0.042280
382	0.090829 0.042200
383	0.090651 0.042120
384	0.090475 0.042080
385	0.090299 0.042080
386	0.090124 0.041840
387	0.089949 0.041840
388	0.089775 0.041800
389	0.089602 0.041760
390	0.089430 0.041720
391	0.089258 0.041680
392	0.089087 0.041760
393	0.088916 0.041720
394	0.088747 0.041760
395	0.088578 0.041760
396	0.088410 0.041720
397	0.088242 0.041680
398	0.088076 0.041640
399	0.087910 0.041600
400	0.087745 0.041680
401	0.087580 0.041760
402	0.087417 0.041760
403	0.087254 0.041800
404	0.087092 0.041440
405	0.086930 0.041280
406	0.086769 0.041280
407	0.086609 0.041160
408	0.086450 0.041160
409	0.086291 0.041080
410	0.086133 0.041000
411	0.085975 0.040960
412	0.085819 0.040960
413	0.085662 0.040960
414	0.085507 0.040880
415	0.085352 0.040800
416	0.085197 0.040640
417	0.085043 0.040600
418	0.084890 0.040560
419	0.084737 0.040400
420	0.084585 0.040400
421	0.084433 0.040440
422	0.084281 0.040360
423	0.084130 0.040320
424	0.083980 0.040280
425	0.083830 0.040280
426	0.083680 0.040320
427	0.083531 0.040200
428	0.083382 0.040120
429	0.083233 0.040240
430	0.083085 0.040320
431	0.082937 0.040400
432	0.082790 0.040400
433	0.082643 0.040400
434	0.082496 0.040480
435	0.082350 0.040480
436	0.082204 0.040320
437	0.082058 0.040200
438	0.081913 0.040160
439	0.081768 0.040160
440	0.081624 0.040080
441	0.081479 0.040080
442	0.081336 0.040360
443	0.081192 0.040400
444	0.081049 0.040240
445	0.080906 0.040360
446	0.080764 0.040440
447	0.080622 0.040240
448	0.080481 0.040160
449	0.080340 0.040120
450	0.080199 0.040000
451	0.080059 0.040040
452	0.079919 0.039960
453	0.079780 0.040080
454	0.079641 0.040040
455	0.079503 0.040160
456	0.079365 0.040200
457	0.079227 0.040200
458	0.079090 0.040160
459	0.078953 0.040160
460	0.078817 0.040160
461	0.078681 0.040240
462	0.078546 0.040240
463	0.078411 0.040200
464	0.078276 0.040280
465	0.078142 0.040160
466	0.078008 0.040160
467	0.077874 0.040120
468	0.077741 0.040160
469	0.077608 0.040120
470	0.077475 0.040120
471	0.077343 0.040120
472	0.077211 0.040240
473	0.077079 0.040280
474	0.076947 0.040280
475	0.076815 0.040200
476	0.076684 0.040200
477	0.076553 0.040160
478	0.076422 0.039920
479	0.076290 0.039680
480	0.076159 0.039480
481	0.076028 0.039520
482	0.075898 0.039560
483	0.075767 0.039600
484	0.075636 0.039640
485	0.075505 0.039720
486	0.075375 0.039640
487	0.075244 0.039520
488	0.075113 0.039440
489	0.074983 0.039440
490	0.074853 0.039480
491	0.074722 0.039520
492	0.074592 0.039600
493	0.074462 0.039640
494	0.074332 0.039720
495	0.074202 0.039720
496	0.074072 0.039680
497	0.073942 0.039720
498	0.073813 0.039640
499	0.073683 0.039720
500	0.073554 0.039760
501	0.073425 0.039680
502	0.073296 0.039720
503	0.073167 0.039760
504	0.073038 0.040000
505	0.072910 0.039960
506	0.072781 0.040000
507	0.072653 0.040600
508	0.072526 0.040680
509	0.072398 0.040800
510	0.072271 0.040840
511	0.072144 0.040800
512	0.072017 0.040600
513	0.071891 0.040600
514	0.071764 0.040280
515	0.071639 0.040240
516	0.071513 0.040320
517	0.071388 0.040320
518	0.071263 0.039920
519	0.071139 0.039880
520	0.071014 0.039920
521	0.070891 0.039880
522	0.070767 0.039920
523	0.070644 0.039880
524	0.070521 0.039760
525	0.070398 0.039680
526	0.070276 0.039680
527	0.070154 0.039760
528	0.070032 0.039640
529	0.069910 0.039520
530	0.069788 0.039720
531	0.069667 0.039760
532	0.069546 0.039800
533	0.069425 0.039800
534	0.069305 0.039920
535	0.069185 0.040040
536	0.069064 0.039880
537	0.068945 0.039760
538	0.068825 0.039640
539	0.068706 0.039600
540	0.068586 0.039680
541	0.068468 0.039720
542	0.068349 0.039800
543	0.068231 0.039840
544	0.068113 0.039840
545	0.067995 0.039840
546	0.067877 0.039840
547	0.067760 0.039880
548	0.067643 0.040000
549	0.067527 0.040080
550	0.067411 0.040160
551	0.067295 0.040280
552	0.067179 0.040320
553	0.067064 0.040320
554	0.066950 0.040160
555	0.066835 0.040000
556	0.066722 0.040160
557	0.066608 0.040080
558	0.066495 0.040120
559	0.066383 0.040160
560	0.066271 0.040120
561	0.066160 0.039960
562	0.066049 0.039800
563	0.065938 0.039080
564	0.065829 0.039080
565	0.065719 0.038960
566	0.065611 0.039080
567	0.065502 0.038960
568	0.065395 0.038880
569	0.065287 0.039000
570	0.065181 0.038960
571	0.065075 0.038760
572	0.064969 0.038640
573	0.064864 0.038560
574	0.064759 0.038600
575	0.064655 0.038680
576	0.064551 0.038560
577	0.064448 0.038520
578	0.064345 0.038920
579	0.064243 0.038960
580	0.064140 0.038880
581	0.064039 0.038880
582	0.063937 0.038960
583	0.063836 0.038960
584	0.063735 0.038960
585	0.063634 0.039040
586	0.063533 0.039080
587	0.063433 0.039040
588	0.063333 0.038880
589	0.063232 0.038640
590	0.063132 0.038240
591	0.063033 0.038120
592	0.062933 0.038080
593	0.062833 0.037960
594	0.062733 0.038040
595	0.062634 0.038040
596	0.062534 0.038000
597	0.062435 0.038040
598	0.062335 0.038040
599	0.062236 0.037920
600	0.062137 0.037960
601	0.062038 0.037960
602	0.061939 0.037920
603	0.061839 0.038040
604	0.061741 0.038080
605	0.061642 0.038040
606	0.061543 0.038160
607	0.061445 0.038120
608	0.061346 0.038040
609	0.061248 0.037920
610	0.061150 0.037760
611	0.061053 0.037760
612	0.060955 0.037760
613	0.060858 0.037600
614	0.060762 0.037520
615	0.060665 0.037240
616	0.060569 0.037280
617	0.060473 0.037120
618	0.060378 0.036960
619	0.060283 0.036800
620	0.060188 0.036800
621	0.060094 0.036800
622	0.060000 0.036800
623	0.059907 0.036800
624	0.059814 0.036640
625	0.059721 0.036640
626	0.059629 0.036480
627	0.059538 0.036640
628	0.059447 0.036640
629	0.059356 0.036640
630	0.059267 0.036560
631	0.059177 0.036440
632	0.059088 0.036440
633	0.059000 0.036320
634	0.058913 0.036280
635	0.058826 0.036240
636	0.058739 0.036200
637	0.058653 0.036200
638	0.058568 0.036280
639	0.058483 0.036200
640	0.058398 0.036280
641	0.058314 0.036160
642	0.058231 0.036000
643	0.058148 0.036160
644	0.058066 0.036160
645	0.057984 0.036200
646	0.057902 0.036040
647	0.057822 0.035920
648	0.057741 0.036080
649	0.057662 0.036160
650	0.057582 0.036080
651	0.057503 0.036080
652	0.057425 0.036080
653	0.057347 0.036080
654	0.057270 0.036040
655	0.057193 0.035920
656	0.057116 0.035880
657	0.057039 0.035920
658	0.056963 0.035920
659	0.056887 0.035840
660	0.056811 0.035800
661	0.056735 0.035800
662	0.056659 0.035760
663	0.056584 0.035680
664	0.056508 0.035760
665	0.056433 0.035800
666	0.056357 0.035840
667	0.056282 0.035920
668	0.056207 0.035920
669	0.056131 0.036000
670	0.056056 0.036000
671	0.055980 0.035880
672	0.055904 0.035800
673	0.055828 0.035720
674	0.055751 0.035600
675	0.055673 0.035560
676	0.055596 0.035480
677	0.055518 0.035440
678	0.055439 0.035480
679	0.055361 0.035480
680	0.055281 0.035400
681	0.055202 0.035400
682	0.055122 0.035400
683	0.055042 0.035320
684	0.054962 0.035200
685	0.054882 0.035280
686	0.054801 0.035400
687	0.054721 0.035320
688	0.054640 0.035280
689	0.054559 0.035360
690	0.054479 0.035400
691	0.054398 0.035320
692	0.054317 0.035320
693	0.054237 0.035200
694	0.054156 0.035160
695	0.054076 0.035080
696	0.053996 0.034960
697	0.053917 0.035040
698	0.053837 0.034560
699	0.053758 0.034280
700	0.053680 0.034280
701	0.053602 0.034240
702	0.053524 0.034320
703	0.053446 0.034360
704	0.053369 0.034440
705	0.053292 0.034440
706	0.053216 0.034480
707	0.053140 0.034320
708	0.053065 0.034320
709	0.052990 0.034240
710	0.052916 0.034240
711	0.052841 0.034160
712	0.052768 0.034240
713	0.052694 0.034120
714	0.052622 0.034120
715	0.052549 0.034120
716	0.052477 0.034080
717	0.052405 0.034040
718	0.052334 0.034040
719	0.052263 0.034080
720	0.052193 0.033920
721	0.052123 0.033880
722	0.052053 0.033880
723	0.051984 0.033880
724	0.051916 0.033920
725	0.051848 0.033880
726	0.051780 0.033960
727	0.051713 0.033760
728	0.051646 0.033800
729	0.051579 0.033720
730	0.051513 0.033760
731	0.051447 0.033760
732	0.051381 0.033720
733	0.051315 0.033880
734	0.051249 0.034200
735	0.051183 0.034200
736	0.051117 0.034160
737	0.051052 0.034040
738	0.050986 0.033960
739	0.050920 0.034000
740	0.050854 0.033960
741	0.050788 0.033880
742	0.050722 0.033880
743	0.050655 0.033880
744	0.050589 0.033800
745	0.050522 0.033800
746	0.050455 0.033800
747	0.050388 0.033720
748	0.050322 0.033760
749	0.050255 0.033760
750	0.050188 0.033720
751	0.050121 0.033640
752	0.050055 0.033600
753	0.049988 0.033560
754	0.049921 0.033480
755	0.049854 0.033520
756	0.049786 0.033520
757	0.049718 0.033520
758	0.049650 0.033560
759	0.049580 0.033560
760	0.049511 0.033480
761	0.049443 0.033480
762	0.049375 0.033360
763	0.049306 0.033200
764	0.049236 0.032840
765	0.049161 0.032720
766	0.049082 0.032600
767	0.048999 0.032360
768	0.048915 0.032440
769	0.048831 0.032400
770	0.048748 0.032480
771	0.048666 0.032640
772	0.048586 0.032480
773	0.048508 0.032480
774	0.048432 0.032480
775	0.048357 0.032240
776	0.048285 0.032280
777	0.048214 0.032280
778	0.048144 0.032320
779	0.048076 0.032280
780	0.048009 0.032240
781	0.047944 0.032200
782	0.047880 0.032280
783	0.047817 0.032280
784	0.047755 0.032480
785	0.047694 0.032440
786	0.047634 0.032560
787	0.047575 0.032520
788	0.047517 0.032480
789	0.047460 0.032480
790	0.047403 0.032520
791	0.047346 0.032560
792	0.047291 0.032560
793	0.047235 0.032720
794	0.047180 0.032720
795	0.047126 0.032720
796	0.047072 0.032760
797	0.047018 0.032840
798	0.046965 0.032800
799	0.046912 0.032920
800	0.046860 0.032880
801	0.046808 0.032880
802	0.046756 0.032840
803	0.046704 0.032880
804	0.046653 0.032920
805	0.046602 0.032960
806	0.046551 0.032920
807	0.046500 0.032920
808	0.046449 0.032920
809	0.046398 0.032920
810	0.046347 0.032960
811	0.046296 0.032960
812	0.046245 0.032840
813	0.046193 0.033000
814	0.046141 0.033000
815	0.046088 0.033040
816	0.046035 0.033080
817	0.045981 0.033080
818	0.045926 0.033080
819	0.045871 0.033080
820	0.045815 0.032920
821	0.045759 0.032960
822	0.045702 0.033120
823	0.045646 0.033160
824	0.045589 0.033160
825	0.045532 0.033240
826	0.045475 0.033280
827	0.045419 0.033360
828	0.045363 0.033560
829	0.045307 0.033680
830	0.045251 0.033800
831	0.045195 0.033840
832	0.045139 0.033960
833	0.045082 0.034040
834	0.045026 0.034040
835	0.044969 0.033960
836	0.044913 0.033960
837	0.044857 0.034000
838	0.044802 0.034080
839	0.044747 0.034120
840	0.044693 0.034040
841	0.044640 0.033920
842	0.044588 0.033720
843	0.044537 0.033680
844	0.044488 0.033600
845	0.044441 0.033480
846	0.044395 0.033280
847	0.044350 0.033360
848	0.044308 0.033320
849	0.044266 0.033280
850	0.044225 0.033240
851	0.044185 0.033320
852	0.044143 0.033320
853	0.044101 0.033280
854	0.044059 0.033160
855	0.044015 0.033160
856	0.043971 0.033120
857	0.043929 0.033080
858	0.043890 0.033160
859	0.043858 0.033240
860	0.043843 0.032920
861	0.043862 0.032960
862	0.043920 0.032960
863	0.043959 0.032920
864	0.043934 0.032880
865	0.043869 0.032880
866	0.043792 0.032880
867	0.043713 0.032920
868	0.043639 0.032960
869	0.043570 0.032840
870	0.043503 0.032960
871	0.043437 0.032920
872	0.043370 0.032840
873	0.043303 0.032880
874	0.043236 0.032920
875	0.043169 0.032920
876	0.043103 0.033000
877	0.043036 0.032920
878	0.042971 0.032920
879	0.042906 0.033000
880	0.042841 0.033000
881	0.042778 0.032960
882	0.042715 0.032960
883	0.042653 0.032880
884	0.042592 0.032880
885	0.042532 0.032760
886	0.042473 0.032760
887	0.042414 0.032280
888	0.042356 0.032320
889	0.042299 0.032360
890	0.042242 0.032320
891	0.042187 0.032360
892	0.042132 0.032480
893	0.042078 0.032400
894	0.042024 0.032480
895	0.041971 0.032400
896	0.041919 0.032240
897	0.041868 0.032280
898	0.041817 0.032280
899	0.041766 0.032320
900	0.041716 0.032320
901	0.041667 0.032240
902	0.041618 0.032240
903	0.041569 0.032280
904	0.041521 0.032160
905	0.041473 0.031880
906	0.041424 0.031800
907	0.041375 0.031560
908	0.041325 0.031600
909	0.041274 0.031640
910	0.041222 0.031560
911	0.041170 0.031520
912	0.041118 0.031520
913	0.041065 0.031640
914	0.041012 0.031760
915	0.040960 0.031640
916	0.040908 0.031680
917	0.040856 0.031640
918	0.040805 0.031520
919	0.040755 0.031640
920	0.040705 0.031840
921	0.040655 0.031760
922	0.040606 0.031640
923	0.040557 0.031600
924	0.040509 0.031600
925	0.040461 0.031520
926	0.040412 0.031520
927	0.040364 0.031360
928	0.040317 0.031240
929	0.040270 0.031280
930	0.040223 0.031200
931	0.040177 0.031280
932	0.040132 0.031280
933	0.040088 0.031280
934	0.040043 0.031160
935	0.040000 0.031120
936	0.039956 0.031040
937	0.039912 0.031040
938	0.039868 0.031040
939	0.039823 0.031000
940	0.039778 0.030840
941	0.039732 0.030720
942	0.039686 0.030600
943	0.039638 0.030600
944	0.039590 0.030440
945	0.039542 0.030560
946	0.039492 0.030440
947	0.039443 0.029920
948	0.039392 0.029560
949	0.039342 0.029400
950	0.039291 0.029440
951	0.039240 0.029400
952	0.039190 0.029360
953	0.039139 0.029320
954	0.039089 0.029240
955	0.039038 0.029160
956	0.038988 0.029160
957	0.038937 0.029120
958	0.038886 0.029040
959	0.038834 0.029080
960	0.038779 0.028960
961	0.038723 0.028880
962	0.038665 0.029000
963	0.038605 0.029040
964	0.038532 0.029280
965	0.038456 0.029440
966	0.038434 0.029480
967	0.038432 0.029320
968	0.038403 0.029480
969	0.038367 0.029360
970	0.038344 0.029280
971	0.038311 0.029280
972	0.038277 0.029440
973	0.038243 0.029240
974	0.038209 0.029360
975	0.038174 0.029400
976	0.038139 0.029240
977	0.038104 0.029440
978	0.038068 0.029520
979	0.038032 0.029520
980	0.037997 0.030000
981	0.037961 0.030000
982	0.037924 0.029920
983	0.037888 0.029880
984	0.037851 0.029800
985	0.037814 0.029880
986	0.037778 0.029960
987	0.037744 0.029720
988	0.037713 0.029760
989	0.037681 0.029760
990	0.037644 0.029840
991	0.037605 0.029840
992	0.037567 0.030000
993	0.037521 0.030040
994	0.037468 0.030080
995	0.037415 0.030000
996	0.037361 0.030000
997	0.037307 0.030200
998	0.037251 0.030200
999	0.037197 0.030280
1000	0.037143 0.030320
1001	0.037089 0.030440
1002	0.037036 0.030240
1003	0.036984 0.030160
1004	0.036932 0.030160
1005	0.036880 0.030240
1006	0.036828 0.030080
1007	0.036776 0.029960
1008	0.036724 0.029880
1009	0.036672 0.029840
1010	0.036620 0.029800
1011	0.036568 0.029680
1012	0.036517 0.029640
1013	0.036466 0.029400
1014	0.036414 0.029440
1015	0.036363 0.029320
1016	0.036311 0.029280
1017	0.036260 0.029120
1018	0.036209 0.029080
1019	0.036157 0.029120
1020	0.036106 0.029000
1021	0.036054 0.028760
1022	0.036002 0.028720
1023	0.035950 0.028800
1024	0.035898 0.028840
1025	0.035846 0.028880
1026	0.035793 0.029000
1027	0.035740 0.029080
1028	0.035687 0.029080
1029	0.035634 0.029200
1030	0.035580 0.029240
1031	0.035526 0.029280
1032	0.035472 0.029200
1033	0.035418 0.029200
1034	0.035363 0.029240
1035	0.035309 0.029400
1036	0.035254 0.029520
1037	0.035200 0.029520
1038	0.035146 0.029600
1039	0.035092 0.029640
1040	0.035037 0.029520
1041	0.034983 0.029600
1042	0.034930 0.029600
1043	0.034876 0.029600
1044	0.034823 0.029560
1045	0.034769 0.029640
1046	0.034716 0.029720
1047	0.034663 0.029840
1048	0.034610 0.029880
1049	0.034556 0.030080
1050	0.034503 0.030160
1051	0.034450 0.030200
1052	0.034397 0.030400
1053	0.034344 0.030360
1054	0.034291 0.030360
1055	0.034239 0.030240
1056	0.034187 0.030240
1057	0.034135 0.030160
1058	0.034084 0.030160
1059	0.034033 0.030200
1060	0.033983 0.030160
1061	0.033934 0.030280
1062	0.033885 0.030240
1063	0.033836 0.030280
1064	0.033789 0.030480
1065	0.033742 0.030600
1066	0.033695 0.030440
1067	0.033650 0.030480
1068	0.033605 0.030480
1069	0.033560 0.030440
1070	0.033517 0.030440
1071	0.033474 0.030480
1072	0.033432 0.030400
1073	0.033390 0.030440
1074	0.033349 0.030400
1075	0.033309 0.030280
1076	0.033269 0.030240
1077	0.033230 0.030240
1078	0.033191 0.030280
1079	0.033153 0.030320
1080	0.033115 0.030360
1081	0.033077 0.030320
1082	0.033039 0.030240
1083	0.033002 0.030320
1084	0.032965 0.030240
1085	0.032929 0.030280
1086	0.032892 0.030200
1087	0.032856 0.030160
1088	0.032820 0.030040
1089	0.032785 0.030080
1090	0.032750 0.030120
1091	0.032715 0.030040
1092	0.032681 0.030080
1093	0.032647 0.030160
1094	0.032613 0.030360
1095	0.032580 0.030360
1096	0.032548 0.030400
1097	0.032515 0.030440
1098	0.032484 0.030400
1099	0.032453 0.030400
1100	0.032423 0.030400
1101	0.032393 0.030400
1102	0.032364 0.030360
1103	0.032336 0.030280
1104	0.032308 0.030200
1105	0.032282 0.030120
1106	0.032256 0.029960
1107	0.032231 0.030000
1108	0.032207 0.029920
1109	0.032184 0.029960
1110	0.032162 0.029920
1111	0.032141 0.029920
1112	0.032122 0.029880
1113	0.032105 0.029920
1114	0.032090 0.029960
1115	0.032078 0.029960
1116	0.032069 0.029960
1117	0.032066 0.029880
1118	0.032072 0.029920
1119	0.032095 0.029880
1120	0.032153 0.029880
1121	0.032299 0.029840
1122	0.032612 0.029600
1123	0.032978 0.029480
1124	0.033229 0.029280
1125	0.033367 0.029000
1126	0.033499 0.029520
1127	0.033559 0.028920
1128	0.033455 0.029160
1129	0.033458 0.029720
1130	0.033305 0.029760
1131	0.033132 0.029360
1132	0.033056 0.028320
1133	0.033295 0.027720
1134	0.033130 0.028480
1135	0.033140 0.028400
1136	0.032890 0.028000
1137	0.032813 0.028480
1138	0.033149 0.028640
1139	0.032717 0.028880
1140	0.032508 0.028280
1141	0.032257 0.028200
1142	0.032582 0.028600
1143	0.032109 0.028240
1144	0.032271 0.029000
1145	0.032035 0.028520
1146	0.032047 0.028160
1147	0.032023 0.028360
1148	0.032006 0.028400
1149	0.032055 0.028560
1150	0.032023 0.028640
1151	0.032060 0.028600
1152	0.032079 0.028560
1153	0.032099 0.028680
1154	0.032156 0.028640
1155	0.032260 0.028720
1156	0.032249 0.028080
1157	0.032965 0.027560
1158	0.032350 0.028760
1159	0.032094 0.029480
1160	0.032715 0.029640
1161	0.032441 0.029240
1162	0.032848 0.028040
1163	0.032467 0.028880
1164	0.032123 0.028680
1165	0.032546 0.029080
1166	0.032424 0.029080
1167	0.032470 0.028760
1168	0.032239 0.029040
1169	0.032452 0.028920
1170	0.031976 0.029360
1171	0.032028 0.029040
1172	0.031939 0.029280
1173	0.031956 0.029040
1174	0.031920 0.029040
1175	0.031830 0.029000
1176	0.031716 0.029240
1177	0.031719 0.029280
1178	0.031760 0.029120
1179	0.031802 0.029440
1180	0.031745 0.029080
1181	0.031775 0.029000
1182	0.031639 0.028880
1183	0.031751 0.029040
1184	0.031549 0.028920
1185	0.031573 0.029000
1186	0.031443 0.028800
1187	0.031216 0.028960
1188	0.031251 0.028560
1189	0.031079 0.028720
1190	0.031037 0.028560
1191	0.030885 0.028520
1192	0.030852 0.028560
1193	0.030762 0.028320
1194	0.030708 0.028400
1195	0.030658 0.028400
1196	0.030612 0.028400
1197	0.030558 0.028360
1198	0.030508 0.028280
1199	0.030456 0.028240
1200	0.030403 0.028240
1201	0.030351 0.028320
1202	0.030299 0.028320
1203	0.030249 0.028240
1204	0.030202 0.028280
1205	0.030157 0.028240
1206	0.030115 0.028360
1207	0.030074 0.028320
1208	0.030035 0.028360
1209	0.030003 0.028400
1210	0.029980 0.028560
1211	0.029966 0.028480
1212	0.029960 0.028480
1213	0.029958 0.028600
1214	0.029953 0.028600
1215	0.029940 0.028560
1216	0.029919 0.028480
1217	0.029897 0.028440
1218	0.029880 0.028440
1219	0.029868 0.028400
1220	0.029866 0.028440
1221	0.029868 0.028480
1222	0.029857 0.028440
1223	0.029822 0.028200
1224	0.029765 0.028160
1225	0.029697 0.028160
1226	0.029643 0.028440
1227	0.029621 0.028680
1228	0.029622 0.028720
1229	0.029627 0.028760
1230	0.029607 0.028560
1231	0.029556 0.028560
1232	0.029491 0.028480
1233	0.029429 0.028520
1234	0.029376 0.028480
1235	0.029332 0.028480
1236	0.029292 0.028400
1237	0.029253 0.028360
1238	0.029213 0.028400
1239	0.029172 0.028280
1240	0.029131 0.028160
1241	0.029089 0.028200
1242	0.029047 0.028160
1243	0.029004 0.028080
1244	0.028960 0.028080
1245	0.028917 0.028120
1246	0.028876 0.028120
1247	0.028837 0.028080
1248	0.028800 0.028040
1249	0.028764 0.028080
1250	0.028727 0.027920
1251	0.028690 0.027840
1252	0.028653 0.027600
1253	0.028617 0.027400
1254	0.028583 0.027320
1255	0.028550 0.027240
1256	0.028520 0.027240
1257	0.028491 0.027280
1258	0.028465 0.027120
1259	0.028442 0.027040
1260	0.028423 0.026920
1261	0.028410 0.026920
1262	0.028403 0.026760
1263	0.028402 0.026800
1264	0.028406 0.026840
1265	0.028412 0.026880
1266	0.028418 0.026960
1267	0.028412 0.027000
1268	0.028373 0.027000
1269	0.028315 0.026960
1270	0.028235 0.026960
1271	0.028127 0.026880
1272	0.028059 0.027160
1273	0.028383 0.026760
1274	0.028416 0.027040
1275	0.028161 0.027000
1276	0.028207 0.026840
1277	0.028240 0.026920
1278	0.028161 0.026800
1279	0.028126 0.026720
1280	0.028094 0.026760
1281	0.028073 0.026720
1282	0.028042 0.026720
1283	0.028009 0.026760
1284	0.027982 0.026760
1285	0.027949 0.026880
1286	0.027914 0.027040
1287	0.027877 0.026760
1288	0.027830 0.026720
1289	0.027773 0.026720
1290	0.027716 0.026640
1291	0.027688 0.026640
1292	0.027670 0.026680
1293	0.027658 0.026600
1294	0.027600 0.026680
1295	0.027539 0.026480
1296	0.027495 0.026440
1297	0.027457 0.026600
1298	0.027426 0.026560
1299	0.027407 0.026160
1300	0.027386 0.026120
1301	0.027390 0.025920
1302	0.027377 0.025920
1303	0.027367 0.025800
1304	0.027327 0.025720
1305	0.027229 0.025880
1306	0.027094 0.025880
1307	0.027094 0.025960
1308	0.027165 0.026040
1309	0.027319 0.025240
1310	0.027534 0.025440
1311	0.027522 0.025880
1312	0.027491 0.026000
1313	0.027615 0.025920
1314	0.027628 0.025600
1315	0.027610 0.025600
1316	0.027509 0.025120
1317	0.027495 0.025240
1318	0.027490 0.025080
1319	0.027357 0.024880
1320	0.027278 0.024840
1321	0.027092 0.024960
1322	0.027305 0.024960
1323	0.027213 0.025080
1324	0.027077 0.024960
1325	0.027270 0.025080
1326	0.027205 0.025080
1327	0.027099 0.024840
1328	0.027399 0.024600
1329	0.027216 0.025600
1330	0.027161 0.025600
1331	0.027647 0.025040
1332	0.027216 0.025360
1333	0.027558 0.026480
1334	0.028093 0.025080
1335	0.029429 0.027360
1336	0.028399 0.026960
1337	0.027737 0.029600
1338	0.027281 0.026320
1339	0.027149 0.026960
1340	0.028304 0.025520
1341	0.028034 0.027000
1342	0.027640 0.024440
1343	0.027130 0.028520
1344	0.028397 0.025760
1345	0.026750 0.024720
1346	0.026414 0.025960
1347	0.031405 0.026280
1348	0.028191 0.026520
1349	0.029982 0.027560
1350	0.027071 0.030000
1351	0.026670 0.026080
1352	0.026117 0.025400
1353	0.027060 0.025080
1354	0.025859 0.025680
1355	0.033725 0.029320
1356	0.033734 0.028640
1357	0.028159 0.027680
1358	0.028209 0.024840
1359	0.028982 0.027640
1360	0.026801 0.026560
1361	0.027778 0.025800
1362	0.027356 0.025280
1363	0.028086 0.024880
1364	0.026887 0.026240
1365	0.027809 0.024920
1366	0.027268 0.025040
1367	0.026986 0.025280
1368	0.028056 0.025040
1369	0.027285 0.025000
1370	0.027710 0.023880
1371	0.028607 0.024880
1372	0.028207 0.025960
1373	0.026930 0.025280
1374	0.026544 0.026120
1375	0.026328 0.025360
1376	0.026250 0.024040
1377	0.026327 0.024920
1378	0.026533 0.025200
1379	0.026576 0.025560
1380	0.026598 0.025440
1381	0.026126 0.025640
1382	0.026522 0.024120
1383	0.026025 0.024560
1384	0.026814 0.025080
1385	0.025913 0.025400
1386	0.025731 0.024720
1387	0.026538 0.025080
1388	0.026559 0.025280
1389	0.025760 0.025000
1390	0.025529 0.024360
1391	0.025865 0.024640
1392	0.026631 0.023720
1393	0.027920 0.024040
1394	0.031379 0.022640
1395	0.026831 0.024600
1396	0.025907 0.024080
1397	0.026293 0.026320
1398	0.026367 0.026520
1399	0.026739 0.025560
1400	0.037579 0.030840
1401	0.028919 0.024240
1402	0.025889 0.022600
1403	0.026431 0.023840
1404	0.027849 0.024480
1405	0.027267 0.024000
1406	0.025996 0.023880
1407	0.026977 0.024120
1408	0.025384 0.024240
1409	0.024732 0.024640
1410	0.025209 0.024320
1411	0.026133 0.023120
1412	0.026070 0.023840
1413	0.025805 0.024080
1414	0.026563 0.023880
1415	0.026293 0.024000
1416	0.025561 0.025320
1417	0.026376 0.024560
1418	0.025162 0.023880
1419	0.025990 0.023640
1420	0.024925 0.024320
1421	0.026243 0.023160
1422	0.025783 0.023800
1423	0.028170 0.025560
1424	0.028535 0.025840
1425	0.026660 0.023800
1426	0.025368 0.024520
1427	0.025342 0.024120
1428	0.025529 0.023720
1429	0.025303 0.024400
1430	0.025020 0.025040
1431	0.025158 0.022920
1432	0.024954 0.023800
1433	0.025130 0.023920
1434	0.024567 0.023600
1435	0.024478 0.023000
1436	0.025572 0.024160
1437	0.029167 0.025920
1438	0.035848 0.029880
1439	0.028611 0.027800
1440	0.027263 0.026200
1441	0.027833 0.024560
1442	0.025528 0.022080
1443	0.024761 0.024800
1444	0.025313 0.024240
1445	0.025618 0.023800
1446	0.025175 0.023200
1447	0.025634 0.022000
1448	0.025026 0.022880
1449	0.023966 0.022400
1450	0.024915 0.023440
1451	0.024626 0.023680
1452	0.024673 0.024920
1453	0.027702 0.023480
1454	0.026812 0.026720
1455	0.024770 0.023400
1456	0.025180 0.022720
1457	0.024755 0.022960
1458	0.026001 0.024160
1459	0.024493 0.023040
1460	0.024903 0.025160
1461	0.026957 0.024440
1462	0.026005 0.022880
1463	0.024772 0.023720
1464	0.025078 0.022960
1465	0.024830 0.023200
1466	0.024933 0.023440
1467	0.024078 0.023360
1468	0.025275 0.028880
1469	0.027516 0.023360
1470	0.024465 0.023600
1471	0.025389 0.023360
1472	0.024019 0.023320
1473	0.024168 0.023800
1474	0.024413 0.023400
1475	0.024663 0.024040
1476	0.024579 0.023960
1477	0.026947 0.023480
1478	0.024217 0.023440
1479	0.024363 0.024400
1480	0.024431 0.024680
1481	0.024662 0.023560
1482	0.025212 0.024520
1483	0.026838 0.024560
1484	0.025616 0.022720
1485	0.025302 0.023040
1486	0.024541 0.022720
1487	0.024664 0.023560
1488	0.024623 0.022960
1489	0.024573 0.022720
1490	0.024321 0.021880
1491	0.024911 0.023720
1492	0.025933 0.023560
1493	0.024975 0.023200
1494	0.028423 0.030440
1495	0.026447 0.025960
1496	0.024461 0.022800
1497	0.024917 0.022520
1498	0.024862 0.022800
1499	0.023748 0.022760
