0	1.496859 0.391800
1	0.972958 0.268320
2	0.736125 0.225760
3	0.629567 0.176080
4	0.557877 0.154360
5	0.503439 0.146080
6	0.464413 0.139440
7	0.435684 0.132560
8	0.413856 0.128040
9	0.396834 0.124680
10	0.383235 0.123040
11	0.372104 0.118760
12	0.362783 0.113840
13	0.354814 0.110080
14	0.347881 0.108200
15	0.341759 0.107560
16	0.336290 0.106640
17	0.331357 0.105480
18	0.326873 0.102840
19	0.322769 0.102440
20	0.318993 0.101040
21	0.315499 0.101200
22	0.312251 0.101000
23	0.309218 0.100400
24	0.306374 0.099880
25	0.303695 0.099240
26	0.301163 0.099040
27	0.298759 0.098840
28	0.296469 0.098200
29	0.294281 0.096280
30	0.292182 0.095800
31	0.290163 0.095160
32	0.288216 0.094440
33	0.286333 0.093360
34	0.284508 0.092560
35	0.282738 0.091880
36	0.281019 0.091160
37	0.279348 0.090600
38	0.277725 0.090200
39	0.276147 0.089760
40	0.274615 0.089280
41	0.273127 0.089240
42	0.271681 0.088920
43	0.270278 0.088320
44	0.268915 0.087840
45	0.267590 0.087120
46	0.266303 0.086040
47	0.265050 0.085520
48	0.263830 0.084680
49	0.262640 0.084040
50	0.261480 0.083520
51	0.260346 0.083080
52	0.259237 0.082600
53	0.258152 0.082200
54	0.257088 0.081920
55	0.256045 0.081840
56	0.255022 0.081520
57	0.254018 0.080920
58	0.253033 0.080520
59	0.252066 0.080240
60	0.251116 0.079760
61	0.250185 0.079200
62	0.249271 0.078760
63	0.248374 0.078840
64	0.247494 0.078480
65	0.246632 0.078360
66	0.245786 0.077880
67	0.244957 0.078040
68	0.244144 0.077560
69	0.243348 0.077040
70	0.242567 0.076840
71	0.241801 0.076000
72	0.241050 0.075720
73	0.240314 0.075520
74	0.239592 0.075320
75	0.238883 0.075200
76	0.238187 0.075200
77	0.237504 0.074480
78	0.236833 0.074320
79	0.236173 0.074240
80	0.235524 0.074280
81	0.234886 0.074080
82	0.234258 0.074320
83	0.233640 0.073840
84	0.233030 0.073280
85	0.232428 0.072760
86	0.231835 0.072040
87	0.231250 0.071480
88	0.230671 0.071280
89	0.230101 0.071400
90	0.229538 0.071560
91	0.228982 0.071720
92	0.228434 0.071800
93	0.227893 0.072000
94	0.227360 0.072080
95	0.226835 0.072040
96	0.226317 0.071760
97	0.225807 0.071640
98	0.225304 0.071480
99	0.224808 0.071080
100	0.224320 0.071040
101	0.223838 0.070920
102	0.223364 0.070840
103	0.222896 0.070640
104	0.222435 0.070560
105	0.221981 0.070680
106	0.221534 0.070520
107	0.221092 0.070360
108	0.220658 0.070120
109	0.220229 0.070280
110	0.219807 0.070240
111	0.219390 0.070120
112	0.218980 0.070000
113	0.218575 0.069640
114	0.218176 0.069840
115	0.217783 0.069880
116	0.217395 0.069840
117	0.217012 0.069800
118	0.216635 0.069720
119	0.216263 0.069920
120	0.215895 0.069840
121	0.215533 0.069880
122	0.215175 0.069760
123	0.214822 0.069840
124	0.214473 0.069960
125	0.214128 0.069920
126	0.213788 0.069920
127	0.213452 0.069840
128	0.213120 0.069960
129	0.212791 0.069880
130	0.212466 0.069880
131	0.212145 0.069880
132	0.211827 0.069720
133	0.211513 0.069640
134	0.211201 0.069480
135	0.210893 0.069840
136	0.210588 0.069840
137	0.210286 0.069800
138	0.209986 0.069840
139	0.209689 0.070080
140	0.209395 0.070040
141	0.209103 0.070040
142	0.208814 0.070080
143	0.208527 0.069880
144	0.208242 0.069960
145	0.207959 0.069760
146	0.207679 0.070160
147	0.207400 0.069920
148	0.207124 0.069760
149	0.206849 0.069640
150	0.206576 0.069520
151	0.206305 0.069440
152	0.206036 0.069480
153	0.205768 0.069520
154	0.205502 0.069760
155	0.205238 0.069640
156	0.204975 0.069560
157	0.204713 0.069520
158	0.204453 0.069600
159	0.204195 0.069880
160	0.203938 0.070080
161	0.203682 0.070200
162	0.203427 0.070000
163	0.203174 0.069720
164	0.202922 0.069680
165	0.202671 0.069600
166	0.202422 0.069320
167	0.202173 0.069320
168	0.201926 0.069160
169	0.201679 0.069040
170	0.201434 0.068840
171	0.201190 0.068800
172	0.200947 0.068840
173	0.200705 0.068880
174	0.200463 0.068760
175	0.200223 0.068760
176	0.199984 0.068680
177	0.199745 0.068840
178	0.199507 0.069240
179	0.199271 0.069120
180	0.199035 0.069080
181	0.198800 0.069000
182	0.198566 0.068840
183	0.198332 0.068840
184	0.198100 0.068880
185	0.197868 0.068800
186	0.197638 0.068800
187	0.197408 0.068720
188	0.197178 0.068720
189	0.196950 0.068720
190	0.196723 0.068840
191	0.196496 0.068680
192	0.196270 0.068640
193	0.196045 0.068680
194	0.195821 0.068480
195	0.195598 0.068400
196	0.195375 0.068240
197	0.195154 0.068040
198	0.194933 0.067680
199	0.194713 0.067360
200	0.194494 0.067320
201	0.194276 0.067160
202	0.194059 0.067240
203	0.193842 0.067240
204	0.193627 0.067240
205	0.193412 0.067240
206	0.193198 0.067120
207	0.192986 0.067000
208	0.192774 0.066920
209	0.192563 0.066880
210	0.192353 0.066760
211	0.192144 0.066840
212	0.191935 0.066800
213	0.191728 0.066720
214	0.191522 0.066800
215	0.191316 0.066680
216	0.191112 0.066680
217	0.190908 0.066520
218	0.190706 0.066400
219	0.190504 0.066240
220	0.190303 0.066240
221	0.190103 0.066160
222	0.189905 0.065960
223	0.189707 0.065680
224	0.189510 0.065440
225	0.189314 0.065240
226	0.189118 0.065240
227	0.188924 0.065160
228	0.188731 0.065120
229	0.188539 0.065080
230	0.188347 0.065000
231	0.188157 0.064920
232	0.187967 0.064720
233	0.187779 0.064720
234	0.187591 0.064720
235	0.187405 0.064640
236	0.187219 0.064480
237	0.187035 0.064280
238	0.186851 0.064200
239	0.186668 0.064120
240	0.186486 0.064080
241	0.186306 0.063880
242	0.186126 0.063840
243	0.185947 0.063760
244	0.185769 0.063760
245	0.185592 0.063680
246	0.185417 0.063440
247	0.185242 0.063400
248	0.185068 0.063240
249	0.184895 0.063240
250	0.184724 0.063000
251	0.184553 0.062920
252	0.184383 0.062880
253	0.184215 0.062880
254	0.184047 0.062800
255	0.183881 0.062720
256	0.183715 0.062760
257	0.183551 0.062680
258	0.183387 0.062640
259	0.183225 0.062520
260	0.183064 0.062440
261	0.182904 0.062360
262	0.182745 0.062520
263	0.182586 0.062640
264	0.182429 0.062560
265	0.182274 0.062560
266	0.182119 0.062560
267	0.181965 0.062680
268	0.181812 0.062760
269	0.181660 0.062680
270	0.181510 0.062560
271	0.181360 0.062600
272	0.181212 0.062720
273	0.181065 0.062720
274	0.180918 0.062800
275	0.180773 0.062680
276	0.180629 0.062720
277	0.180486 0.062640
278	0.180343 0.062520
279	0.180202 0.062280
280	0.180062 0.062320
281	0.179924 0.062360
282	0.179786 0.062480
283	0.179649 0.062520
284	0.179513 0.062400
285	0.179378 0.062320
286	0.179245 0.062240
287	0.179112 0.062240
288	0.178980 0.062400
289	0.178849 0.062480
290	0.178720 0.062440
291	0.178591 0.062440
292	0.178464 0.062400
293	0.178337 0.062200
294	0.178211 0.062200
295	0.178087 0.062240
296	0.177963 0.062200
297	0.177840 0.062160
298	0.177718 0.062160
299	0.177598 0.062160
300	0.177478 0.062120
301	0.177359 0.062080
302	0.177241 0.062120
303	0.177124 0.062080
304	0.177008 0.062080
305	0.176893 0.062000
306	0.176778 0.062040
307	0.176665 0.062040
308	0.176552 0.062080
309	0.176441 0.062120
310	0.176330 0.062120
311	0.176220 0.062160
312	0.176111 0.062160
313	0.176003 0.062240
314	0.175896 0.062200
315	0.175789 0.062160
316	0.175684 0.062160
317	0.175579 0.062160
318	0.175475 0.062240
319	0.175371 0.062240
320	0.175269 0.062200
321	0.175167 0.062120
322	0.175066 0.062080
323	0.174966 0.062120
324	0.174866 0.062200
325	0.174767 0.062200
326	0.174669 0.062120
327	0.174571 0.062240
328	0.174475 0.062400
329	0.174378 0.062560
330	0.174283 0.062520
331	0.174188 0.062520
332	0.174094 0.062520
333	0.174000 0.062400
334	0.173907 0.062400
335	0.173814 0.062400
336	0.173722 0.062440
337	0.173631 0.062320
338	0.173540 0.062320
339	0.173449 0.062360
340	0.173360 0.062240
341	0.173270 0.062240
342	0.173181 0.062120
343	0.173093 0.062120
344	0.173005 0.062000
345	0.172918 0.061920
346	0.172831 0.062000
347	0.172744 0.062080
348	0.172658 0.062120
349	0.172572 0.062240
350	0.172487 0.062200
351	0.172402 0.062120
352	0.172318 0.062240
353	0.172234 0.062160
354	0.172150 0.062080
355	0.172067 0.062160
356	0.171984 0.062240
357	0.171902 0.062280
358	0.171820 0.062360
359	0.171738 0.062400
360	0.171657 0.062440
361	0.171576 0.062360
362	0.171495 0.062320
363	0.171415 0.062400
364	0.171335 0.062280
365	0.171255 0.062240
366	0.171176 0.062120
367	0.171097 0.062120
368	0.171019 0.061960
369	0.170941 0.061960
370	0.170863 0.061880
371	0.170785 0.061840
372	0.170708 0.061960
373	0.170631 0.062000
374	0.170555 0.062080
375	0.170479 0.062080
376	0.170403 0.062280
377	0.170327 0.062320
378	0.170252 0.062280
379	0.170177 0.062280
380	0.170103 0.062160
381	0.170029 0.062240
382	0.169955 0.062040
383	0.169881 0.061960
384	0.169808 0.061880
385	0.169735 0.061840
386	0.169662 0.061880
387	0.169590 0.061880
388	0.169518 0.061720
389	0.169446 0.061760
390	0.169374 0.061680
391	0.169303 0.061640
392	0.169232 0.061680
393	0.169162 0.061800
394	0.169091 0.061800
395	0.169021 0.061720
396	0.168951 0.061680
397	0.168882 0.061800
398	0.168812 0.061760
399	0.168743 0.061800
400	0.168675 0.061840
401	0.168606 0.061760
402	0.168538 0.061800
403	0.168470 0.061800
404	0.168402 0.061880
405	0.168334 0.061920
406	0.168267 0.061880
407	0.168200 0.061920
408	0.168133 0.061960
409	0.168066 0.061960
410	0.168000 0.061960
411	0.167934 0.061880
412	0.167868 0.061840
413	0.167802 0.061840
414	0.167736 0.061720
415	0.167671 0.061720
416	0.167605 0.061680
417	0.167540 0.061720
418	0.167475 0.061640
419	0.167411 0.061760
420	0.167346 0.062000
421	0.167282 0.061960
422	0.167217 0.061960
423	0.167153 0.062000
424	0.167089 0.062000
425	0.167026 0.062000
426	0.166962 0.061880
427	0.166898 0.061800
428	0.166835 0.061680
429	0.166772 0.061680
430	0.166709 0.061840
431	0.166646 0.061920
432	0.166583 0.061920
433	0.166520 0.061920
434	0.166457 0.061960
435	0.166395 0.061960
436	0.166332 0.062000
437	0.166270 0.061920
438	0.166208 0.062000
439	0.166146 0.062000
440	0.166084 0.062000
441	0.166022 0.062000
442	0.165960 0.062080
443	0.165898 0.061960
444	0.165837 0.061760
445	0.165775 0.061800
446	0.165714 0.061840
447	0.165652 0.061880
448	0.165591 0.062040
449	0.165530 0.062040
450	0.165469 0.062000
451	0.165408 0.062040
452	0.165347 0.062000
453	0.165286 0.061960
454	0.165225 0.061960
455	0.165165 0.061880
456	0.165104 0.061840
457	0.165043 0.061880
458	0.164983 0.061680
459	0.164923 0.061440
460	0.164862 0.061360
461	0.164802 0.061360
462	0.164742 0.061400
463	0.164682 0.061560
464	0.164622 0.061560
465	0.164562 0.061520
466	0.164502 0.061600
467	0.164442 0.061560
468	0.164382 0.061560
469	0.164322 0.061560
470	0.164263 0.061560
471	0.164203 0.061560
472	0.164144 0.061560
473	0.164084 0.061600
474	0.164025 0.061680
475	0.163966 0.061760
476	0.163906 0.061680
477	0.163847 0.061720
478	0.163788 0.061760
479	0.163729 0.061800
480	0.163670 0.061800
481	0.163611 0.061800
482	0.163552 0.061720
483	0.163494 0.061800
484	0.163435 0.061880
485	0.163376 0.061920
486	0.163318 0.061680
487	0.163260 0.061640
488	0.163201 0.061600
489	0.163143 0.061600
490	0.163085 0.061600
491	0.163026 0.061680
492	0.162968 0.061680
493	0.162910 0.061680
494	0.162852 0.061680
495	0.162795 0.061640
496	0.162737 0.061600
497	0.162679 0.061560
498	0.162621 0.061440
499	0.162564 0.061440
500	0.162506 0.061400
501	0.162448 0.061280
502	0.162391 0.061200
503	0.162333 0.061200
504	0.162276 0.061200
505	0.162218 0.061200
506	0.162161 0.061160
507	0.162104 0.061120
508	0.162046 0.061120
509	0.161989 0.061160
510	0.161932 0.061120
511	0.161874 0.061080
512	0.161817 0.061160
513	0.161760 0.061200
514	0.161702 0.061240
515	0.161645 0.061320
516	0.161588 0.061320
517	0.161531 0.061200
518	0.161473 0.061160
519	0.161416 0.061120
520	0.161359 0.061040
521	0.161302 0.061080
522	0.161244 0.061200
523	0.161187 0.061040
524	0.161130 0.061080
525	0.161073 0.061080
526	0.161016 0.061000
527	0.160959 0.060920
528	0.160902 0.060880
529	0.160845 0.060880
530	0.160788 0.060840
531	0.160732 0.060800
532	0.160675 0.060720
533	0.160619 0.060640
534	0.160562 0.060640
535	0.160506 0.060600
536	0.160450 0.060640
537	0.160394 0.060600
538	0.160338 0.060640
539	0.160282 0.060600
540	0.160227 0.060520
541	0.160171 0.060520
542	0.160116 0.060560
543	0.160061 0.060480
544	0.160006 0.060440
545	0.159951 0.060440
546	0.159896 0.060480
547	0.159842 0.060520
548	0.159787 0.060480
549	0.159733 0.060360
550	0.159679 0.060320
551	0.159625 0.060320
552	0.159572 0.060280
553	0.159518 0.060240
554	0.159465 0.060160
555	0.159412 0.060200
556	0.159359 0.060160
557	0.159306 0.060160
558	0.159253 0.060040
559	0.159201 0.060000
560	0.159149 0.060000
561	0.159097 0.059680
562	0.159045 0.059760
563	0.158993 0.059840
564	0.158941 0.059840
565	0.158890 0.059520
566	0.158839 0.059480
567	0.158788 0.059480
568	0.158737 0.059480
569	0.158687 0.059480
570	0.158636 0.059280
571	0.158586 0.059320
572	0.158536 0.059320
573	0.158486 0.059280
574	0.158436 0.059280
575	0.158387 0.059200
576	0.158337 0.059200
577	0.158288 0.059240
578	0.158239 0.059080
579	0.158190 0.059000
580	0.158142 0.058840
581	0.158093 0.058840
582	0.158045 0.058800
583	0.157997 0.058760
584	0.157949 0.058640
585	0.157901 0.058600
586	0.157854 0.058640
587	0.157806 0.058520
588	0.157759 0.058440
589	0.157712 0.058440
590	0.157665 0.058440
591	0.157619 0.058480
592	0.157572 0.058400
593	0.157526 0.058440
594	0.157480 0.058360
595	0.157434 0.058240
596	0.157388 0.058240
597	0.157342 0.058160
598	0.157297 0.058240
599	0.157252 0.058360
600	0.157206 0.058400
601	0.157161 0.058480
602	0.157117 0.058440
603	0.157072 0.058400
604	0.157028 0.058440
605	0.156983 0.058440
606	0.156939 0.058480
607	0.156895 0.058480
608	0.156852 0.058560
609	0.156808 0.058600
610	0.156765 0.058680
611	0.156722 0.058720
612	0.156679 0.058760
613	0.156636 0.058720
614	0.156593 0.058600
615	0.156551 0.058640
616	0.156508 0.058680
617	0.156466 0.058720
618	0.156424 0.058680
619	0.156383 0.058720
620	0.156341 0.058680
621	0.156300 0.058600
622	0.156259 0.058640
623	0.156218 0.058520
624	0.156177 0.058560
625	0.156136 0.058440
626	0.156096 0.058400
627	0.156055 0.058400
628	0.156015 0.058400
629	0.155975 0.058280
630	0.155935 0.058160
631	0.155896 0.058120
632	0.155856 0.058080
633	0.155817 0.058120
634	0.155778 0.058120
635	0.155739 0.058000
636	0.155700 0.058040
637	0.155661 0.058120
638	0.155623 0.058080
639	0.155585 0.058160
640	0.155546 0.058120
641	0.155508 0.058200
642	0.155470 0.058200
643	0.155432 0.058200
644	0.155395 0.058240
645	0.155357 0.058200
646	0.155320 0.058240
647	0.155283 0.058160
648	0.155245 0.058280
649	0.155208 0.058280
650	0.155172 0.058240
651	0.155135 0.058280
652	0.155098 0.058280
653	0.155062 0.058320
654	0.155025 0.058360
655	0.154989 0.058320
656	0.154953 0.058280
657	0.154917 0.058280
658	0.154881 0.058240
659	0.154845 0.058240
660	0.154809 0.058240
661	0.154774 0.058360
662	0.154738 0.058200
663	0.154703 0.058160
664	0.154667 0.058080
665	0.154632 0.058080
666	0.154597 0.058120
667	0.154562 0.058120
668	0.154528 0.058120
669	0.154493 0.058000
670	0.154458 0.058000
671	0.154424 0.058120
672	0.154390 0.058120
673	0.154355 0.058080
674	0.154321 0.058120
675	0.154287 0.058080
676	0.154253 0.058080
677	0.154220 0.058080
678	0.154186 0.058080
679	0.154153 0.058080
680	0.154119 0.058120
681	0.154086 0.058120
682	0.154053 0.058120
683	0.154020 0.058160
684	0.153987 0.058200
685	0.153955 0.058160
686	0.153922 0.058200
687	0.153890 0.058160
688	0.153857 0.058160
689	0.153825 0.058080
690	0.153793 0.058120
691	0.153762 0.058120
692	0.153730 0.058120
693	0.153698 0.058120
694	0.153667 0.058120
695	0.153636 0.058160
696	0.153605 0.058240
697	0.153574 0.058160
698	0.153543 0.058040
699	0.153512 0.057880
700	0.153482 0.058000
701	0.153452 0.058000
702	0.153422 0.057880
703	0.153392 0.057840
704	0.153362 0.057760
705	0.153332 0.057720
706	0.153302 0.057720
707	0.153273 0.057800
708	0.153244 0.057760
709	0.153215 0.057760
710	0.153186 0.057680
711	0.153157 0.057720
712	0.153128 0.057640
713	0.153099 0.057720
714	0.153071 0.057840
715	0.153042 0.057960
716	0.153014 0.057920
717	0.152986 0.057800
718	0.152958 0.057680
719	0.152930 0.057600
720	0.152902 0.057600
721	0.152874 0.057520
722	0.152847 0.057400
723	0.152819 0.057400
724	0.152791 0.057400
725	0.152764 0.057360
726	0.152737 0.057360
727	0.152709 0.057360
728	0.152682 0.057360
729	0.152655 0.057320
730	0.152628 0.057320
731	0.152601 0.057240
732	0.152573 0.057200
733	0.152546 0.057240
734	0.152519 0.057280
735	0.152492 0.057320
736	0.152465 0.057280
737	0.152439 0.057320
738	0.152412 0.057320
739	0.152385 0.057200
740	0.152358 0.057240
741	0.152331 0.057280
742	0.152304 0.057200
743	0.152277 0.057160
744	0.152250 0.057240
745	0.152224 0.057240
746	0.152197 0.057240
747	0.152170 0.057200
748	0.152143 0.057040
749	0.152116 0.057040
750	0.152089 0.057000
751	0.152063 0.056960
752	0.152036 0.057000
753	0.152009 0.057080
754	0.151982 0.057120
755	0.151955 0.057120
756	0.151928 0.057080
757	0.151902 0.056960
758	0.151875 0.056720
759	0.151848 0.056560
760	0.151821 0.056360
761	0.151795 0.056320
762	0.151768 0.056320
763	0.151741 0.056360
764	0.151714 0.056440
765	0.151688 0.056400
766	0.151661 0.056440
767	0.151634 0.056440
768	0.151608 0.056400
769	0.151581 0.056480
770	0.151555 0.056480
771	0.151528 0.056600
772	0.151501 0.056560
773	0.151475 0.056640
774	0.151449 0.056600
775	0.151422 0.056760
776	0.151396 0.056840
777	0.151369 0.056840
778	0.151343 0.056880
779	0.151317 0.056960
780	0.151290 0.057040
781	0.151264 0.057240
782	0.151238 0.057160
783	0.151212 0.057200
784	0.151186 0.057200
785	0.151160 0.057280
786	0.151134 0.057320
787	0.151108 0.057320
788	0.151082 0.057360
789	0.151056 0.057400
790	0.151030 0.057440
791	0.151004 0.057400
792	0.150978 0.057400
793	0.150953 0.057320
794	0.150927 0.057320
795	0.150901 0.057320
796	0.150876 0.057280
797	0.150850 0.057280
798	0.150825 0.057280
799	0.150799 0.057360
800	0.150774 0.057360
801	0.150749 0.057320
802	0.150723 0.057400
803	0.150698 0.057400
804	0.150673 0.057440
805	0.150648 0.057480
806	0.150623 0.057440
807	0.150598 0.057400
808	0.150573 0.057400
809	0.150548 0.057440
810	0.150523 0.057400
811	0.150498 0.057360
812	0.150473 0.057400
813	0.150448 0.057360
814	0.150424 0.057680
815	0.150399 0.057640
816	0.150375 0.057680
817	0.150350 0.057520
818	0.150326 0.057400
819	0.150301 0.057440
820	0.150277 0.057520
821	0.150253 0.057600
822	0.150228 0.057640
823	0.150204 0.057680
824	0.150180 0.057760
825	0.150156 0.057840
826	0.150132 0.057800
827	0.150108 0.057800
828	0.150084 0.057800
829	0.150061 0.057760
830	0.150037 0.057800
831	0.150013 0.057800
832	0.149989 0.057840
833	0.149966 0.057800
834	0.149942 0.057840
835	0.149919 0.057880
836	0.149896 0.057760
837	0.149872 0.057640
838	0.149849 0.057560
839	0.149826 0.057480
840	0.149803 0.057600
841	0.149780 0.057600
842	0.149757 0.057560
843	0.149734 0.057600
844	0.149711 0.057520
845	0.149688 0.057400
846	0.149666 0.057360
847	0.149643 0.057360
848	0.149621 0.057360
849	0.149598 0.057400
850	0.149576 0.057400
851	0.149553 0.057400
852	0.149531 0.057400
853	0.149509 0.057280
854	0.149487 0.057240
855	0.149465 0.057160
856	0.149443 0.057200
857	0.149421 0.057080
858	0.149399 0.057000
859	0.149377 0.056920
860	0.149355 0.056840
861	0.149334 0.056880
862	0.149312 0.057000
863	0.149290 0.057040
864	0.149269 0.056960
865	0.149247 0.057000
866	0.149226 0.056960
867	0.149205 0.056960
868	0.149183 0.057000
869	0.149162 0.057080
870	0.149141 0.057080
871	0.149120 0.057040
872	0.149099 0.057000
873	0.149078 0.057000
874	0.149057 0.057000
875	0.149036 0.056960
876	0.149015 0.056960
877	0.148995 0.057000
878	0.148974 0.057120
879	0.148953 0.057040
880	0.148932 0.057000
881	0.148912 0.057120
882	0.148891 0.057200
883	0.148871 0.057240
884	0.148850 0.057320
885	0.148830 0.057360
886	0.148809 0.057360
887	0.148789 0.057400
888	0.148768 0.057400
889	0.148748 0.057360
890	0.148728 0.057320
891	0.148707 0.057280
892	0.148687 0.057280
893	0.148667 0.057280
894	0.148647 0.057280
895	0.148626 0.057280
896	0.148606 0.057280
897	0.148586 0.057320
898	0.148566 0.057280
899	0.148546 0.057280
900	0.148526 0.057280
901	0.148505 0.057360
902	0.148485 0.057400
903	0.148465 0.057360
904	0.148445 0.057280
905	0.148425 0.057280
906	0.148405 0.057280
907	0.148385 0.057240
908	0.148365 0.057200
909	0.148345 0.057240
910	0.148325 0.057320
911	0.148305 0.057280
912	0.148285 0.057280
913	0.148265 0.057320
914	0.148246 0.057360
915	0.148226 0.057400
916	0.148206 0.057440
917	0.148186 0.057440
918	0.148166 0.057400
919	0.148146 0.057480
920	0.148127 0.057480
921	0.148107 0.057560
922	0.148087 0.057560
923	0.148068 0.057640
924	0.148048 0.057640
925	0.148029 0.057720
926	0.148009 0.057680
927	0.147990 0.057680
928	0.147971 0.057640
929	0.147951 0.057720
930	0.147932 0.057640
931	0.147913 0.057640
932	0.147894 0.057520
933	0.147875 0.057440
934	0.147856 0.057400
935	0.147837 0.057400
936	0.147819 0.057440
937	0.147800 0.057400
938	0.147781 0.057440
939	0.147763 0.057400
940	0.147745 0.057400
941	0.147727 0.057520
942	0.147709 0.057560
943	0.147691 0.057600
944	0.147673 0.057520
945	0.147655 0.057600
946	0.147638 0.057680
947	0.147621 0.057680
948	0.147604 0.057600
949	0.147586 0.057640
950	0.147570 0.057600
951	0.147553 0.057560
952	0.147536 0.057560
953	0.147519 0.057560
954	0.147503 0.057600
955	0.147487 0.057680
956	0.147470 0.057760
957	0.147454 0.057840
958	0.147438 0.057800
959	0.147422 0.057760
960	0.147406 0.057800
961	0.147390 0.057840
962	0.147374 0.057840
963	0.147358 0.057920
964	0.147342 0.057760
965	0.147326 0.057720
966	0.147310 0.057760
967	0.147294 0.057680
968	0.147277 0.057680
969	0.147261 0.057720
970	0.147245 0.057640
971	0.147228 0.057600
972	0.147211 0.057600
973	0.147194 0.057560
974	0.147178 0.057680
975	0.147161 0.057720
976	0.147143 0.057760
977	0.147126 0.057720
978	0.147109 0.057720
979	0.147091 0.057720
980	0.147074 0.057680
981	0.147056 0.057760
982	0.147039 0.057600
983	0.147021 0.057560
984	0.147003 0.057520
985	0.146985 0.057480
986	0.146967 0.057480
987	0.146949 0.057480
988	0.146931 0.057400
989	0.146913 0.057480
990	0.146895 0.057520
991	0.146877 0.057560
992	0.146859 0.057520
993	0.146841 0.057520
994	0.146823 0.057520
995	0.146805 0.057480
996	0.146787 0.057520
997	0.146770 0.057560
998	0.146752 0.057560
999	0.146734 0.057440
1000	0.146716 0.057440
1001	0.146698 0.057440
1002	0.146680 0.057440
1003	0.146663 0.057440
1004	0.146645 0.057400
1005	0.146627 0.057560
1006	0.146610 0.057560
1007	0.146592 0.057600
1008	0.146575 0.057520
1009	0.146557 0.057560
1010	0.146540 0.057520
1011	0.146523 0.057400
1012	0.146505 0.057400
1013	0.146488 0.057400
1014	0.146471 0.057400
1015	0.146454 0.057360
1016	0.146437 0.057440
1017	0.146420 0.057400
1018	0.146404 0.057320
1019	0.146387 0.057280
1020	0.146370 0.057200
1021	0.146354 0.057120
1022	0.146337 0.057160
1023	0.146321 0.057200
1024	0.146304 0.057240
1025	0.146288 0.057200
1026	0.146272 0.057240
1027	0.146256 0.057200
1028	0.146240 0.057200
1029	0.146224 0.057200
1030	0.146208 0.057040
1031	0.146192 0.057080
1032	0.146176 0.057200
1033	0.146160 0.057160
1034	0.146144 0.057240
1035	0.146129 0.057240
1036	0.146113 0.057280
1037	0.146098 0.057240
1038	0.146082 0.057280
1039	0.146067 0.057280
1040	0.146051 0.057240
1041	0.146036 0.057200
1042	0.146020 0.057200
1043	0.146005 0.057000
1044	0.145990 0.056920
1045	0.145975 0.056880
1046	0.145959 0.056880
1047	0.145944 0.056880
1048	0.145929 0.056840
1049	0.145913 0.056880
1050	0.145898 0.056720
1051	0.145883 0.056640
1052	0.145868 0.056640
1053	0.145853 0.056680
1054	0.145837 0.056680
1055	0.145822 0.056640
1056	0.145807 0.056640
1057	0.145791 0.056680
1058	0.145776 0.056640
1059	0.145761 0.056600
1060	0.145746 0.056600
1061	0.145730 0.056560
1062	0.145715 0.056560
1063	0.145700 0.056600
1064	0.145684 0.056520
1065	0.145669 0.056520
1066	0.145653 0.056520
1067	0.145638 0.056560
1068	0.145622 0.056440
1069	0.145607 0.056320
1070	0.145592 0.056120
1071	0.145576 0.056200
1072	0.145561 0.056120
1073	0.145545 0.056160
1074	0.145530 0.056280
1075	0.145514 0.056240
1076	0.145498 0.056160
1077	0.145483 0.056080
1078	0.145467 0.056120
1079	0.145452 0.056120
1080	0.145436 0.056080
1081	0.145421 0.056120
1082	0.145405 0.056120
1083	0.145390 0.056120
1084	0.145374 0.056160
1085	0.145358 0.056040
1086	0.145343 0.056080
1087	0.145327 0.056080
1088	0.145312 0.056160
1089	0.145297 0.056200
1090	0.145281 0.056200
1091	0.145266 0.056280
1092	0.145250 0.056240
1093	0.145235 0.056280
1094	0.145220 0.056400
1095	0.145204 0.056440
1096	0.145189 0.056400
1097	0.145174 0.056360
1098	0.145158 0.056400
1099	0.145143 0.056400
1100	0.145128 0.056440
1101	0.145113 0.056440
1102	0.145098 0.056520
1103	0.145083 0.056480
1104	0.145068 0.056400
1105	0.145053 0.056360
1106	0.145038 0.056360
1107	0.145024 0.056360
1108	0.145009 0.056280
1109	0.144994 0.056280
1110	0.144980 0.056440
1111	0.144965 0.056360
1112	0.144951 0.056440
1113	0.144936 0.056400
1114	0.144922 0.056520
1115	0.144907 0.056600
1116	0.144893 0.056720
1117	0.144879 0.056680
1118	0.144865 0.056800
1119	0.144851 0.056960
1120	0.144837 0.056920
1121	0.144823 0.056920
1122	0.144809 0.056920
1123	0.144796 0.056920
1124	0.144782 0.056920
1125	0.144768 0.056920
1126	0.144755 0.056920
1127	0.144741 0.056880
1128	0.144728 0.056920
1129	0.144715 0.056880
1130	0.144702 0.056880
1131	0.144688 0.056840
1132	0.144675 0.056880
1133	0.144662 0.056880
1134	0.144650 0.056800
1135	0.144637 0.056760
1136	0.144624 0.056680
1137	0.144611 0.056640
1138	0.144599 0.056600
1139	0.144586 0.056600
1140	0.144574 0.056600
1141	0.144562 0.056680
1142	0.144549 0.056560
1143	0.144537 0.056440
1144	0.144525 0.056480
1145	0.144513 0.056520
1146	0.144501 0.056480
1147	0.144489 0.056520
1148	0.144477 0.056520
1149	0.144466 0.056600
1150	0.144454 0.056600
1151	0.144442 0.056600
1152	0.144431 0.056600
1153	0.144419 0.056640
1154	0.144408 0.056640
1155	0.144396 0.056680
1156	0.144385 0.056640
1157	0.144373 0.056640
1158	0.144362 0.056680
1159	0.144351 0.056720
1160	0.144340 0.056760
1161	0.144328 0.056760
1162	0.144317 0.056760
1163	0.144306 0.056800
1164	0.144295 0.056720
1165	0.144284 0.056720
1166	0.144273 0.056600
1167	0.144262 0.056600
1168	0.144251 0.056560
1169	0.144240 0.056560
1170	0.144229 0.056440
1171	0.144217 0.056200
1172	0.144207 0.056160
1173	0.144196 0.056160
1174	0.144185 0.056160
1175	0.144174 0.056200
1176	0.144163 0.056240
1177	0.144152 0.056240
1178	0.144141 0.056280
1179	0.144130 0.056280
1180	0.144119 0.056280
1181	0.144108 0.056320
1182	0.144097 0.056280
1183	0.144086 0.056320
1184	0.144075 0.056280
1185	0.144064 0.056240
1186	0.144053 0.056280
1187	0.144042 0.056320
1188	0.144031 0.056280
1189	0.144020 0.056240
1190	0.144009 0.056240
1191	0.143999 0.056240
1192	0.143988 0.056280
1193	0.143977 0.056360
1194	0.143966 0.056280
1195	0.143955 0.056200
1196	0.143944 0.056120
1197	0.143933 0.056000
1198	0.143922 0.056040
1199	0.143911 0.056040
1200	0.143901 0.056080
1201	0.143890 0.056080
1202	0.143879 0.056080
1203	0.143868 0.056000
1204	0.143857 0.055880
1205	0.143846 0.055800
1206	0.143836 0.055720
1207	0.143825 0.055600
1208	0.143814 0.055640
1209	0.143803 0.055640
1210	0.143793 0.055480
1211	0.143782 0.055440
1212	0.143771 0.055400
1213	0.143761 0.055400
1214	0.143750 0.055480
1215	0.143739 0.055480
1216	0.143729 0.055440
1217	0.143718 0.055440
1218	0.143708 0.055400
1219	0.143697 0.055360
1220	0.143687 0.055320
1221	0.143676 0.055320
1222	0.143666 0.055320
1223	0.143655 0.055280
1224	0.143645 0.055200
1225	0.143634 0.055200
1226	0.143624 0.055200
1227	0.143614 0.055200
1228	0.143603 0.055200
1229	0.143593 0.055200
1230	0.143583 0.055200
1231	0.143572 0.055200
1232	0.143562 0.055200
1233	0.143552 0.055200
1234	0.143542 0.055240
1235	0.143532 0.055320
1236	0.143521 0.055320
1237	0.143511 0.055280
1238	0.143501 0.055240
1239	0.143491 0.055280
1240	0.143481 0.055160
1241	0.143471 0.055160
1242	0.143461 0.055080
1243	0.143450 0.055000
1244	0.143440 0.054880
1245	0.143430 0.055080
1246	0.143420 0.055080
1247	0.143410 0.055040
1248	0.143399 0.055160
1249	0.143389 0.055160
1250	0.143379 0.055200
1251	0.143369 0.055160
1252	0.143358 0.055200
1253	0.143348 0.055280
1254	0.143337 0.055360
1255	0.143327 0.055360
1256	0.143316 0.055280
1257	0.143306 0.055480
1258	0.143295 0.055480
1259	0.143284 0.055480
1260	0.143273 0.055600
1261	0.143262 0.055560
1262	0.143252 0.055640
1263	0.143241 0.055640
1264	0.143229 0.055680
1265	0.143218 0.055680
1266	0.143207 0.055720
1267	0.143196 0.055640
1268	0.143184 0.055560
1269	0.143173 0.055600
1270	0.143161 0.055640
1271	0.143150 0.055760
1272	0.143138 0.055760
1273	0.143126 0.055800
1274	0.143115 0.055800
1275	0.143103 0.055840
1276	0.143091 0.055800
1277	0.143079 0.055840
1278	0.143067 0.055840
1279	0.143054 0.055880
1280	0.143042 0.055840
1281	0.143030 0.055840
1282	0.143017 0.055920
1283	0.143005 0.055880
1284	0.142992 0.055880
1285	0.142980 0.055960
1286	0.142967 0.056000
1287	0.142954 0.056160
1288	0.142941 0.056200
1289	0.142928 0.056120
1290	0.142915 0.056160
1291	0.142902 0.056200
1292	0.142889 0.056200
1293	0.142875 0.056160
1294	0.142862 0.056080
1295	0.142848 0.056040
1296	0.142835 0.055960
1297	0.142821 0.055920
1298	0.142807 0.055960
1299	0.142794 0.055840
1300	0.142780 0.055880
1301	0.142766 0.055800
1302	0.142752 0.055800
1303	0.142738 0.055920
1304	0.142723 0.055800
1305	0.142709 0.055880
1306	0.142695 0.055880
1307	0.142680 0.055840
1308	0.142666 0.055840
1309	0.142651 0.055800
1310	0.142636 0.055600
1311	0.142622 0.055560
1312	0.142607 0.055600
1313	0.142592 0.055640
1314	0.142577 0.055960
1315	0.142562 0.056080
1316	0.142547 0.056160
1317	0.142531 0.056160
1318	0.142516 0.056160
1319	0.142500 0.056160
1320	0.142485 0.056240
1321	0.142469 0.056320
1322	0.142454 0.056280
1323	0.142438 0.056280
1324	0.142422 0.056200
1325	0.142406 0.056200
1326	0.142390 0.056240
1327	0.142374 0.056240
1328	0.142358 0.056240
1329	0.142341 0.056360
1330	0.142325 0.056360
1331	0.142309 0.056440
1332	0.142293 0.056360
1333	0.142276 0.056400
1334	0.142260 0.056440
1335	0.142243 0.056360
1336	0.142227 0.056280
1337	0.142210 0.056280
1338	0.142194 0.056400
1339	0.142178 0.056440
1340	0.142161 0.056400
1341	0.142145 0.056360
1342	0.142128 0.056320
1343	0.142112 0.056280
1344	0.142096 0.056200
1345	0.142080 0.056120
1346	0.142063 0.056200
1347	0.142047 0.056200
1348	0.142031 0.056240
1349	0.142015 0.056240
1350	0.142000 0.056320
1351	0.141984 0.056480
1352	0.141968 0.056560
1353	0.141953 0.056600
1354	0.141937 0.056560
1355	0.141922 0.056560
1356	0.141907 0.056640
1357	0.141892 0.056800
1358	0.141876 0.057000
1359	0.141862 0.056960
1360	0.141847 0.057000
1361	0.141832 0.057080
1362	0.141817 0.057120
1363	0.141803 0.057160
1364	0.141788 0.057160
1365	0.141774 0.057160
1366	0.141760 0.057240
1367	0.141745 0.057280
1368	0.141731 0.057360
1369	0.141717 0.057360
1370	0.141704 0.057280
1371	0.141690 0.057240
1372	0.141676 0.057240
1373	0.141662 0.057240
1374	0.141649 0.057280
1375	0.141635 0.057200
1376	0.141622 0.057200
1377	0.141609 0.057200
1378	0.141595 0.057320
1379	0.141582 0.057360
1380	0.141569 0.057320
1381	0.141556 0.057360
1382	0.141543 0.057360
1383	0.141530 0.057400
1384	0.141517 0.057400
1385	0.141504 0.057360
1386	0.141492 0.057480
1387	0.141479 0.057440
1388	0.141467 0.057440
1389	0.141454 0.057400
1390	0.141442 0.057360
1391	0.141429 0.057360
1392	0.141417 0.057280
1393	0.141405 0.057320
1394	0.141392 0.057400
1395	0.141380 0.057400
1396	0.141368 0.057240
1397	0.141356 0.057200
1398	0.141344 0.057160
1399	0.141332 0.057160
1400	0.141320 0.057160
1401	0.141308 0.057160
1402	0.141297 0.057200
1403	0.141285 0.057280
1404	0.141273 0.057240
1405	0.141262 0.057280
1406	0.141250 0.057280
1407	0.141238 0.057320
1408	0.141227 0.057320
1409	0.141215 0.057440
1410	0.141204 0.057480
1411	0.141192 0.057360
1412	0.141181 0.057360
1413	0.141170 0.057360
1414	0.141158 0.057360
1415	0.141147 0.057360
1416	0.141136 0.057400
1417	0.141124 0.057480
1418	0.141113 0.057480
1419	0.141102 0.057400
1420	0.141091 0.057360
1421	0.141079 0.057280
1422	0.141068 0.057240
1423	0.141057 0.057280
1424	0.141046 0.057280
1425	0.141034 0.057320
1426	0.141023 0.057360
1427	0.141012 0.057400
1428	0.141001 0.057440
1429	0.140990 0.057440
1430	0.140978 0.057440
1431	0.140967 0.057400
1432	0.140956 0.057320
1433	0.140944 0.057360
1434	0.140933 0.057320
1435	0.140922 0.057360
1436	0.140911 0.057320
1437	0.140899 0.057320
1438	0.140888 0.057320
1439	0.140877 0.057400
1440	0.140865 0.057440
1441	0.140854 0.057480
1442	0.140843 0.057480
1443	0.140831 0.057480
1444	0.140820 0.057440
1445	0.140809 0.057440
1446	0.140797 0.057360
1447	0.140786 0.057320
1448	0.140775 0.057280
1449	0.140763 0.057320
1450	0.140752 0.057320
1451	0.140741 0.057280
1452	0.140729 0.057240
1453	0.140718 0.057240
1454	0.140707 0.057200
1455	0.140695 0.057200
1456	0.140684 0.057080
1457	0.140673 0.057120
1458	0.140662 0.057080
1459	0.140651 0.057080
1460	0.140640 0.057040
1461	0.140628 0.057000
1462	0.140617 0.057000
1463	0.140606 0.057080
1464	0.140595 0.057120
1465	0.140584 0.057120
1466	0.140573 0.057160
1467	0.140563 0.057160
1468	0.140552 0.057120
1469	0.140541 0.057120
1470	0.140530 0.057160
1471	0.140520 0.057120
1472	0.140509 0.057120
1473	0.140498 0.057120
1474	0.140488 0.057120
1475	0.140477 0.057160
1476	0.140467 0.057160
1477	0.140457 0.057120
1478	0.140446 0.057120
1479	0.140436 0.057040
1480	0.140426 0.057040
1481	0.140415 0.057000
1482	0.140405 0.057000
1483	0.140395 0.056840
1484	0.140385 0.056800
1485	0.140375 0.056680
1486	0.140365 0.056680
1487	0.140355 0.056640
1488	0.140345 0.056680
1489	0.140335 0.056680
1490	0.140326 0.056640
1491	0.140316 0.056720
1492	0.140306 0.056840
1493	0.140296 0.056840
1494	0.140287 0.056840
1495	0.140277 0.056760
1496	0.140268 0.056800
1497	0.140258 0.056840
1498	0.140248 0.056840
1499	0.140239 0.056800
