0	1.288639 0.304720
1	0.809974 0.213400
2	0.625103 0.180240
3	0.528973 0.153720
4	0.471201 0.140160
5	0.434885 0.129080
6	0.409797 0.124880
7	0.390854 0.122600
8	0.375581 0.117360
9	0.362782 0.115960
10	0.351877 0.111640
11	0.342523 0.106680
12	0.334451 0.103480
13	0.327420 0.101160
14	0.321226 0.099920
15	0.315707 0.098760
16	0.310731 0.097880
17	0.306199 0.096640
18	0.302034 0.095760
19	0.298177 0.095280
20	0.294581 0.094720
21	0.291210 0.093720
22	0.288035 0.093320
23	0.285032 0.092640
24	0.282183 0.091400
25	0.279471 0.090640
26	0.276885 0.089280
27	0.274412 0.088480
28	0.272044 0.087840
29	0.269772 0.087560
30	0.267591 0.086560
31	0.265492 0.086480
32	0.263471 0.085320
33	0.261522 0.084920
34	0.259641 0.084240
35	0.257822 0.083600
36	0.256061 0.082920
37	0.254355 0.082640
38	0.252699 0.082040
39	0.251090 0.081840
40	0.249526 0.081320
41	0.248003 0.081120
42	0.246519 0.080920
43	0.245071 0.080200
44	0.243658 0.079840
45	0.242278 0.079320
46	0.240929 0.078960
47	0.239611 0.078480
48	0.238320 0.078200
49	0.237058 0.077720
50	0.235822 0.077480
51	0.234612 0.077040
52	0.233426 0.076760
53	0.232265 0.076400
54	0.231128 0.076040
55	0.230013 0.075960
56	0.228920 0.075640
57	0.227849 0.075400
58	0.226798 0.074760
59	0.225767 0.074320
60	0.224755 0.074200
61	0.223762 0.073880
62	0.222786 0.073520
63	0.221827 0.073520
64	0.220884 0.073640
65	0.219956 0.073440
66	0.219044 0.073080
67	0.218145 0.072440
68	0.217260 0.072040
69	0.216389 0.071880
70	0.215529 0.072080
71	0.214682 0.071880
72	0.213847 0.071640
73	0.213023 0.071480
74	0.212210 0.071440
75	0.211408 0.071240
76	0.210616 0.071000
77	0.209834 0.070800
78	0.209062 0.070680
79	0.208299 0.070040
80	0.207546 0.070000
81	0.206803 0.069760
82	0.206068 0.069800
83	0.205342 0.069280
84	0.204626 0.069000
85	0.203917 0.068880
86	0.203218 0.068600
87	0.202526 0.068360
88	0.201843 0.068120
89	0.201167 0.067880
90	0.200500 0.067520
91	0.199840 0.067320
92	0.199188 0.067200
93	0.198543 0.066800
94	0.197906 0.066560
95	0.197275 0.066040
96	0.196652 0.065880
97	0.196035 0.065920
98	0.195425 0.065680
99	0.194822 0.065560
100	0.194225 0.065400
101	0.193635 0.064960
102	0.193050 0.064880
103	0.192472 0.064640
104	0.191900 0.064440
105	0.191334 0.064280
106	0.190774 0.063760
107	0.190220 0.063280
108	0.189671 0.063200
109	0.189128 0.062880
110	0.188590 0.062120
111	0.188058 0.061760
112	0.187531 0.061040
113	0.187009 0.060800
114	0.186493 0.060680
115	0.185981 0.060360
116	0.185475 0.059720
117	0.184973 0.059600
118	0.184476 0.059120
119	0.183984 0.059000
120	0.183497 0.058920
121	0.183014 0.058880
122	0.182535 0.058760
123	0.182061 0.058680
124	0.181592 0.058680
125	0.181126 0.058640
126	0.180665 0.058480
127	0.180208 0.058440
128	0.179756 0.058360
129	0.179307 0.058000
130	0.178862 0.058040
131	0.178421 0.057760
132	0.177985 0.057360
133	0.177552 0.057560
134	0.177123 0.057160
135	0.176697 0.056760
136	0.176276 0.056520
137	0.175858 0.056480
138	0.175444 0.056240
139	0.175033 0.056080
140	0.174626 0.056080
141	0.174222 0.055960
142	0.173822 0.055760
143	0.173426 0.055600
144	0.173032 0.055520
145	0.172642 0.055360
146	0.172256 0.055320
147	0.171872 0.055400
148	0.171492 0.055120
149	0.171115 0.054960
150	0.170741 0.054960
151	0.170371 0.054840
152	0.170003 0.054760
153	0.169638 0.054680
154	0.169276 0.054440
155	0.168917 0.054120
156	0.168561 0.053840
157	0.168208 0.053800
158	0.167857 0.053720
159	0.167509 0.053720
160	0.167164 0.053760
161	0.166821 0.053760
162	0.166481 0.053800
163	0.166143 0.053800
164	0.165807 0.053760
165	0.165473 0.053680
166	0.165142 0.053560
167	0.164813 0.053440
168	0.164486 0.053280
169	0.164161 0.053160
170	0.163838 0.053000
171	0.163517 0.052600
172	0.163198 0.052480
173	0.162880 0.052400
174	0.162565 0.052320
175	0.162251 0.052320
176	0.161939 0.052240
177	0.161628 0.052280
178	0.161319 0.052200
179	0.161011 0.052120
180	0.160705 0.052360
181	0.160400 0.052400
182	0.160097 0.052360
183	0.159795 0.052320
184	0.159495 0.052320
185	0.159196 0.052000
186	0.158898 0.051800
187	0.158602 0.051720
188	0.158307 0.051720
189	0.158013 0.051280
190	0.157720 0.051120
191	0.157429 0.051280
192	0.157139 0.051080
193	0.156851 0.051000
194	0.156564 0.051080
195	0.156278 0.051000
196	0.155993 0.050880
197	0.155709 0.050880
198	0.155427 0.050760
199	0.155146 0.050720
200	0.154867 0.050360
201	0.154589 0.050320
202	0.154312 0.050320
203	0.154036 0.050200
204	0.153762 0.050080
205	0.153489 0.050120
206	0.153218 0.049800
207	0.152948 0.049640
208	0.152679 0.049720
209	0.152411 0.049720
210	0.152145 0.049600
211	0.151881 0.049400
212	0.151618 0.049280
213	0.151356 0.049160
214	0.151095 0.049080
215	0.150836 0.049000
216	0.150579 0.049000
217	0.150323 0.049080
218	0.150068 0.048840
219	0.149815 0.048720
220	0.149563 0.048680
221	0.149313 0.048560
222	0.149064 0.048400
223	0.148817 0.048280
224	0.148571 0.048040
225	0.148327 0.048000
226	0.148084 0.047880
227	0.147843 0.047760
228	0.147604 0.047640
229	0.147366 0.047760
230	0.147129 0.048000
231	0.146894 0.048120
232	0.146660 0.048120
233	0.146428 0.048160
234	0.146198 0.048080
235	0.145969 0.048160
236	0.145741 0.048040
237	0.145515 0.047920
238	0.145290 0.047920
239	0.145067 0.047880
240	0.144845 0.047880
241	0.144625 0.047640
242	0.144406 0.047720
243	0.144188 0.047840
244	0.143972 0.047800
245	0.143757 0.047760
246	0.143543 0.047760
247	0.143331 0.047840
248	0.143120 0.048120
249	0.142910 0.048200
250	0.142702 0.048400
251	0.142494 0.048240
252	0.142288 0.048160
253	0.142083 0.048200
254	0.141878 0.048320
255	0.141675 0.048520
256	0.141473 0.048400
257	0.141272 0.048600
258	0.141072 0.048480
259	0.140873 0.048560
260	0.140674 0.048600
261	0.140476 0.048680
262	0.140280 0.048680
263	0.140084 0.048640
264	0.139888 0.048640
265	0.139694 0.048640
266	0.139500 0.048640
267	0.139306 0.048680
268	0.139113 0.048840
269	0.138921 0.048840
270	0.138730 0.048800
271	0.138538 0.048800
272	0.138348 0.048880
273	0.138157 0.048800
274	0.137967 0.048800
275	0.137778 0.048960
276	0.137589 0.049000
277	0.137400 0.049000
278	0.137212 0.049040
279	0.137024 0.049000
280	0.136836 0.048880
281	0.136649 0.048920
282	0.136462 0.048960
283	0.136275 0.048760
284	0.136088 0.048840
285	0.135902 0.048880
286	0.135716 0.048840
287	0.135530 0.048920
288	0.135345 0.048960
289	0.135160 0.048880
290	0.134975 0.048880
291	0.134790 0.048960
292	0.134606 0.049040
293	0.134422 0.049160
294	0.134238 0.049200
295	0.134055 0.049160
296	0.133872 0.049120
297	0.133689 0.049040
298	0.133507 0.049000
299	0.133324 0.049000
300	0.133143 0.049000
301	0.132961 0.049080
302	0.132780 0.049040
303	0.132599 0.049040
304	0.132419 0.049040
305	0.132239 0.049000
306	0.132059 0.049080
307	0.131880 0.049160
308	0.131702 0.049200
309	0.131524 0.049120
310	0.131346 0.049200
311	0.131169 0.049320
312	0.130992 0.049520
313	0.130816 0.049560
314	0.130640 0.049640
315	0.130465 0.049720
316	0.130290 0.049920
317	0.130116 0.050000
318	0.129943 0.049960
319	0.129770 0.050000
320	0.129598 0.050080
321	0.129426 0.049920
322	0.129255 0.049880
323	0.129085 0.049920
324	0.128915 0.049960
325	0.128747 0.049960
326	0.128578 0.049880
327	0.128411 0.049800
328	0.128244 0.049840
329	0.128078 0.049960
330	0.127912 0.049880
331	0.127747 0.049760
332	0.127583 0.049760
333	0.127420 0.049960
334	0.127258 0.050040
335	0.127096 0.050240
336	0.126935 0.050320
337	0.126774 0.050480
338	0.126614 0.050480
339	0.126455 0.050320
340	0.126297 0.050480
341	0.126140 0.050320
342	0.125983 0.050280
343	0.125827 0.050280
344	0.125671 0.050280
345	0.125517 0.050320
346	0.125363 0.050320
347	0.125209 0.050440
348	0.125057 0.050400
349	0.124905 0.050400
350	0.124753 0.050360
351	0.124603 0.050360
352	0.124453 0.050320
353	0.124304 0.050360
354	0.124155 0.050440
355	0.124007 0.050400
356	0.123860 0.050280
357	0.123713 0.050240
358	0.123567 0.050200
359	0.123421 0.050240
360	0.123276 0.050320
361	0.123132 0.050360
362	0.122988 0.050320
363	0.122845 0.050240
364	0.122702 0.050200
365	0.122560 0.050160
366	0.122418 0.050120
367	0.122277 0.050160
368	0.122137 0.050200
369	0.121997 0.050280
370	0.121857 0.050240
371	0.121718 0.050040
372	0.121579 0.050120
373	0.121441 0.050080
374	0.121304 0.050040
375	0.121166 0.049960
376	0.121029 0.049960
377	0.120893 0.049880
378	0.120757 0.049760
379	0.120621 0.049720
380	0.120486 0.049680
381	0.120351 0.049680
382	0.120217 0.049600
383	0.120083 0.049600
384	0.119949 0.049560
385	0.119816 0.049640
386	0.119683 0.049560
387	0.119551 0.049520
388	0.119419 0.049360
389	0.119287 0.049160
390	0.119156 0.049160
391	0.119025 0.049080
392	0.118895 0.048960
393	0.118764 0.048840
394	0.118635 0.048720
395	0.118505 0.048560
396	0.118376 0.048560
397	0.118248 0.048480
398	0.118119 0.048400
399	0.117991 0.048360
400	0.117864 0.048320
401	0.117736 0.048400
402	0.117609 0.048360
403	0.117483 0.048360
404	0.117356 0.048360
405	0.117230 0.048440
406	0.117105 0.048400
407	0.116979 0.048400
408	0.116854 0.048520
409	0.116730 0.048520
410	0.116605 0.048520
411	0.116481 0.048480
412	0.116357 0.048520
413	0.116234 0.048360
414	0.116111 0.048360
415	0.115988 0.048360
416	0.115865 0.048280
417	0.115743 0.048400
418	0.115620 0.048480
419	0.115499 0.048360
420	0.115377 0.048280
421	0.115256 0.048280
422	0.115135 0.048400
423	0.115014 0.048440
424	0.114893 0.048600
425	0.114773 0.048560
426	0.114653 0.048600
427	0.114533 0.048600
428	0.114414 0.048440
429	0.114294 0.048360
430	0.114175 0.048440
431	0.114057 0.048480
432	0.113938 0.048520
433	0.113820 0.048560
434	0.113702 0.048480
435	0.113584 0.048400
436	0.113467 0.048320
437	0.113350 0.048120
438	0.113233 0.048000
439	0.113116 0.047800
440	0.113000 0.047760
441	0.112883 0.047720
442	0.112767 0.047720
443	0.112652 0.047720
444	0.112536 0.047760
445	0.112421 0.047680
446	0.112306 0.047720
447	0.112192 0.047760
448	0.112077 0.047760
449	0.111963 0.047680
450	0.111848 0.047600
451	0.111734 0.047560
452	0.111620 0.047520
453	0.111507 0.047520
454	0.111393 0.047400
455	0.111279 0.047400
456	0.111165 0.047320
457	0.111052 0.047280
458	0.110938 0.047240
459	0.110824 0.047200
460	0.110711 0.047160
461	0.110597 0.047160
462	0.110483 0.047360
463	0.110369 0.047240
464	0.110255 0.047240
465	0.110141 0.047240
466	0.110027 0.047240
467	0.109913 0.047160
468	0.109798 0.047160
469	0.109684 0.047120
470	0.109569 0.047120
471	0.109455 0.046960
472	0.109340 0.046920
473	0.109225 0.046960
474	0.109110 0.046760
475	0.108995 0.046720
476	0.108880 0.046800
477	0.108764 0.046800
478	0.108649 0.046800
479	0.108534 0.046840
480	0.108418 0.046800
481	0.108302 0.046760
482	0.108187 0.046680
483	0.108071 0.046640
484	0.107955 0.046600
485	0.107839 0.046560
486	0.107723 0.046520
487	0.107608 0.046480
488	0.107492 0.046480
489	0.107376 0.046520
490	0.107260 0.046480
491	0.107144 0.046440
492	0.107029 0.046480
493	0.106913 0.046360
494	0.106798 0.046400
495	0.106682 0.046440
496	0.106567 0.046400
497	0.106452 0.046440
498	0.106338 0.046640
499	0.106224 0.046680
500	0.106110 0.046680
501	0.105996 0.046720
502	0.105883 0.046680
503	0.105770 0.046520
504	0.105658 0.046400
505	0.105546 0.046440
506	0.105435 0.046400
507	0.105324 0.046400
508	0.105213 0.046440
509	0.105103 0.046400
510	0.104993 0.046520
511	0.104884 0.046600
512	0.104776 0.046600
513	0.104668 0.046480
514	0.104560 0.046480
515	0.104453 0.046440
516	0.104347 0.046480
517	0.104241 0.046480
518	0.104135 0.046560
519	0.104030 0.046480
520	0.103926 0.046520
521	0.103822 0.046560
522	0.103718 0.046520
523	0.103615 0.046600
524	0.103513 0.046760
525	0.103411 0.046760
526	0.103310 0.046760
527	0.103209 0.046920
528	0.103109 0.046920
529	0.103009 0.047040
530	0.102910 0.047000
531	0.102811 0.046960
532	0.102712 0.047000
533	0.102615 0.046960
534	0.102517 0.046880
535	0.102420 0.046880
536	0.102324 0.046960
537	0.102228 0.047120
538	0.102132 0.047200
539	0.102037 0.047200
540	0.101943 0.047200
541	0.101848 0.047200
542	0.101755 0.047280
543	0.101661 0.047480
544	0.101569 0.047480
545	0.101476 0.047440
546	0.101384 0.047480
547	0.101292 0.047480
548	0.101201 0.047520
549	0.101110 0.047480
550	0.101020 0.047520
551	0.100929 0.047560
552	0.100840 0.047560
553	0.100750 0.047560
554	0.100661 0.047640
555	0.100572 0.047640
556	0.100484 0.047680
557	0.100395 0.047720
558	0.100308 0.047720
559	0.100220 0.047800
560	0.100133 0.047720
561	0.100046 0.047960
562	0.099959 0.047920
563	0.099873 0.048040
564	0.099786 0.048200
565	0.099701 0.048280
566	0.099615 0.048520
567	0.099530 0.048760
568	0.099444 0.048840
569	0.099360 0.048920
570	0.099275 0.048920
571	0.099190 0.048880
572	0.099106 0.048880
573	0.099022 0.048800
574	0.098939 0.048680
575	0.098855 0.048600
576	0.098772 0.048600
577	0.098689 0.048720
578	0.098606 0.048720
579	0.098523 0.048800
580	0.098441 0.048760
581	0.098359 0.048800
582	0.098277 0.048800
583	0.098195 0.048880
584	0.098114 0.048960
585	0.098032 0.049080
586	0.097951 0.049320
587	0.097870 0.049440
588	0.097790 0.049480
589	0.097709 0.049440
590	0.097629 0.049480
591	0.097549 0.049520
592	0.097469 0.049720
593	0.097390 0.049720
594	0.097310 0.049720
595	0.097231 0.049560
596	0.097152 0.049560
597	0.097073 0.049560
598	0.096994 0.049560
599	0.096916 0.049600
600	0.096838 0.049640
601	0.096759 0.049640
602	0.096681 0.049640
603	0.096604 0.049480
604	0.096526 0.049400
605	0.096449 0.049360
606	0.096371 0.049360
607	0.096294 0.049280
608	0.096217 0.049280
609	0.096140 0.049240
610	0.096063 0.049280
611	0.095986 0.049240
612	0.095910 0.049320
613	0.095833 0.049400
614	0.095757 0.049320
615	0.095680 0.049400
616	0.095604 0.049280
617	0.095528 0.049200
618	0.095451 0.049280
619	0.095375 0.049280
620	0.095299 0.049240
621	0.095222 0.049200
622	0.095146 0.049200
623	0.095070 0.049240
624	0.094993 0.049160
625	0.094917 0.049120
626	0.094840 0.049120
627	0.094764 0.049000
628	0.094687 0.049000
629	0.094611 0.049080
630	0.094534 0.049120
631	0.094458 0.049000
632	0.094381 0.049080
633	0.094304 0.049040
634	0.094228 0.048960
635	0.094151 0.048960
636	0.094074 0.049000
637	0.093998 0.049120
638	0.093921 0.049040
639	0.093844 0.049080
640	0.093768 0.049040
641	0.093691 0.049000
642	0.093615 0.049040
643	0.093538 0.049120
644	0.093462 0.049080
645	0.093385 0.049120
646	0.093309 0.049080
647	0.093233 0.049040
648	0.093157 0.048960
649	0.093081 0.048920
650	0.093005 0.048800
651	0.092929 0.048720
652	0.092854 0.048720
653	0.092778 0.048680
654	0.092703 0.048680
655	0.092627 0.048720
656	0.092552 0.048640
657	0.092477 0.048520
658	0.092403 0.048560
659	0.092328 0.048680
660	0.092253 0.048760
661	0.092179 0.048640
662	0.092105 0.048680
663	0.092031 0.048520
664	0.091957 0.048240
665	0.091884 0.048320
666	0.091810 0.048560
667	0.091737 0.048600
668	0.091664 0.048680
669	0.091591 0.048680
670	0.091518 0.048600
671	0.091446 0.048560
672	0.091373 0.048480
673	0.091301 0.048440
674	0.091229 0.048320
675	0.091157 0.048280
676	0.091085 0.048160
677	0.091014 0.048120
678	0.090942 0.048080
679	0.090871 0.048080
680	0.090800 0.048080
681	0.090729 0.048280
682	0.090658 0.048760
683	0.090587 0.048880
684	0.090516 0.048800
685	0.090446 0.048880
686	0.090375 0.048880
687	0.090305 0.048680
688	0.090235 0.048680
689	0.090165 0.048720
690	0.090094 0.048640
691	0.090024 0.048600
692	0.089954 0.048520
693	0.089884 0.048720
694	0.089814 0.048800
695	0.089745 0.048880
696	0.089675 0.048960
697	0.089605 0.049040
698	0.089535 0.049040
699	0.089466 0.049120
700	0.089396 0.049040
701	0.089326 0.048760
702	0.089256 0.048520
703	0.089187 0.048520
704	0.089117 0.048680
705	0.089048 0.048640
706	0.088978 0.048720
707	0.088908 0.048520
708	0.088839 0.048560
709	0.088769 0.048600
710	0.088700 0.048560
711	0.088630 0.048560
712	0.088561 0.048640
713	0.088492 0.048680
714	0.088422 0.048680
715	0.088353 0.048680
716	0.088284 0.048480
717	0.088214 0.048480
718	0.088145 0.048480
719	0.088076 0.048400
720	0.088007 0.048400
721	0.087938 0.048400
722	0.087869 0.048400
723	0.087800 0.048200
724	0.087731 0.048040
725	0.087662 0.048000
726	0.087594 0.047920
727	0.087525 0.047800
728	0.087456 0.047760
729	0.087388 0.047720
730	0.087319 0.047720
731	0.087251 0.047720
732	0.087183 0.047640
733	0.087114 0.047600
734	0.087046 0.047600
735	0.086978 0.047480
736	0.086910 0.047560
737	0.086841 0.047640
738	0.086773 0.047680
739	0.086705 0.047680
740	0.086637 0.047640
741	0.086569 0.047400
742	0.086501 0.047320
743	0.086433 0.047280
744	0.086365 0.047320
745	0.086297 0.047160
746	0.086230 0.047120
747	0.086162 0.046960
748	0.086094 0.047160
749	0.086026 0.047200
750	0.085958 0.047240
751	0.085891 0.047080
752	0.085823 0.047120
753	0.085755 0.046960
754	0.085688 0.046880
755	0.085620 0.046800
756	0.085553 0.046880
757	0.085485 0.046880
758	0.085418 0.046800
759	0.085351 0.046600
760	0.085284 0.046640
761	0.085217 0.046880
762	0.085149 0.046920
763	0.085082 0.046920
764	0.085016 0.046920
765	0.084949 0.046920
766	0.084882 0.046880
767	0.084816 0.046880
768	0.084749 0.046960
769	0.084683 0.046880
770	0.084617 0.046920
771	0.084550 0.047040
772	0.084484 0.047000
773	0.084419 0.047040
774	0.084353 0.047040
775	0.084287 0.046960
776	0.084222 0.046960
777	0.084156 0.046960
778	0.084091 0.046920
779	0.084026 0.046960
780	0.083961 0.046960
781	0.083897 0.046880
782	0.083832 0.046840
783	0.083768 0.046640
784	0.083704 0.046600
785	0.083640 0.046480
786	0.083576 0.046320
787	0.083512 0.046200
788	0.083449 0.046040
789	0.083386 0.046040
790	0.083323 0.046080
791	0.083260 0.046160
792	0.083197 0.046280
793	0.083135 0.046240
794	0.083073 0.046160
795	0.083011 0.046120
796	0.082949 0.046160
797	0.082888 0.046200
798	0.082827 0.046320
799	0.082766 0.046240
800	0.082706 0.046240
801	0.082645 0.046240
802	0.082585 0.046240
803	0.082526 0.046160
804	0.082466 0.046040
805	0.082407 0.046080
806	0.082348 0.046120
807	0.082290 0.046240
808	0.082232 0.046240
809	0.082174 0.046120
810	0.082116 0.046080
811	0.082059 0.045960
812	0.082001 0.045960
813	0.081945 0.046000
814	0.081888 0.045960
815	0.081832 0.046000
816	0.081776 0.045960
817	0.081720 0.046000
818	0.081664 0.046000
819	0.081609 0.046000
820	0.081554 0.046000
821	0.081500 0.046000
822	0.081446 0.046080
823	0.081392 0.046040
824	0.081338 0.046040
825	0.081284 0.046040
826	0.081231 0.045960
827	0.081179 0.045800
828	0.081126 0.045720
829	0.081074 0.045680
830	0.081022 0.045680
831	0.080971 0.045720
832	0.080920 0.045640
833	0.080869 0.045640
834	0.080819 0.045520
835	0.080769 0.045440
836	0.080719 0.045360
837	0.080670 0.045400
838	0.080621 0.045400
839	0.080573 0.045360
840	0.080524 0.045320
841	0.080477 0.045400
842	0.080429 0.045440
843	0.080382 0.045440
844	0.080335 0.045440
845	0.080289 0.045400
846	0.080242 0.045320
847	0.080197 0.045280
848	0.080151 0.045240
849	0.080106 0.045200
850	0.080061 0.045200
851	0.080016 0.045200
852	0.079971 0.045240
853	0.079926 0.045200
854	0.079882 0.045160
855	0.079838 0.045200
856	0.079794 0.045160
857	0.079750 0.045120
858	0.079706 0.045200
859	0.079662 0.045200
860	0.079618 0.045320
861	0.079574 0.045400
862	0.079531 0.045400
863	0.079487 0.045360
864	0.079443 0.045200
865	0.079399 0.044880
866	0.079356 0.044920
867	0.079312 0.044840
868	0.079268 0.044760
869	0.079224 0.044760
870	0.079180 0.044720
871	0.079136 0.044640
872	0.079092 0.044640
873	0.079048 0.044640
874	0.079004 0.044560
875	0.078960 0.044440
876	0.078916 0.044480
877	0.078872 0.044520
878	0.078828 0.044440
879	0.078784 0.044400
880	0.078740 0.044560
881	0.078697 0.044520
882	0.078654 0.044680
883	0.078612 0.044840
884	0.078570 0.044880
885	0.078530 0.044800
886	0.078491 0.045040
887	0.078454 0.045160
888	0.078420 0.045040
889	0.078388 0.045000
890	0.078359 0.045000
891	0.078332 0.045040
892	0.078307 0.045000
893	0.078282 0.044920
894	0.078256 0.044800
895	0.078230 0.044720
896	0.078201 0.044680
897	0.078171 0.044720
898	0.078139 0.044760
899	0.078105 0.044720
900	0.078070 0.044680
901	0.078033 0.044760
902	0.077995 0.044640
903	0.077955 0.044680
904	0.077915 0.044760
905	0.077874 0.044920
906	0.077833 0.044880
907	0.077790 0.044880
908	0.077748 0.044760
909	0.077705 0.044640
910	0.077661 0.044200
911	0.077618 0.044000
912	0.077574 0.043880
913	0.077530 0.043880
914	0.077485 0.043960
915	0.077441 0.043880
916	0.077396 0.044080
917	0.077352 0.044080
918	0.077307 0.044120
919	0.077263 0.044160
920	0.077218 0.044120
921	0.077174 0.044160
922	0.077130 0.044160
923	0.077086 0.044160
924	0.077042 0.044120
925	0.076998 0.044120
926	0.076955 0.044120
927	0.076912 0.044200
928	0.076870 0.044280
929	0.076827 0.044160
930	0.076785 0.044200
931	0.076744 0.044240
932	0.076702 0.044320
933	0.076661 0.044320
934	0.076620 0.044440
935	0.076579 0.044440
936	0.076539 0.044520
937	0.076498 0.044640
938	0.076458 0.044600
939	0.076418 0.044560
940	0.076377 0.044560
941	0.076337 0.044560
942	0.076297 0.044640
943	0.076257 0.044560
944	0.076217 0.044400
945	0.076177 0.044360
946	0.076137 0.044360
947	0.076097 0.044200
948	0.076057 0.044120
949	0.076017 0.044080
950	0.075977 0.044120
951	0.075936 0.044120
952	0.075896 0.044160
953	0.075856 0.044240
954	0.075816 0.044200
955	0.075776 0.044160
956	0.075736 0.044240
957	0.075695 0.044120
958	0.075655 0.044120
959	0.075615 0.044160
960	0.075574 0.044120
961	0.075533 0.044120
962	0.075493 0.044200
963	0.075452 0.044200
964	0.075410 0.044240
965	0.075369 0.044280
966	0.075327 0.044320
967	0.075285 0.044400
968	0.075243 0.044400
969	0.075200 0.044240
970	0.075157 0.044000
971	0.075113 0.043880
972	0.075070 0.043840
973	0.075025 0.043760
974	0.074981 0.043640
975	0.074935 0.043520
976	0.074890 0.043400
977	0.074844 0.043320
978	0.074797 0.043400
979	0.074750 0.043400
980	0.074702 0.043320
981	0.074654 0.043360
982	0.074606 0.043320
983	0.074557 0.043200
984	0.074507 0.043280
985	0.074457 0.043240
986	0.074407 0.042920
987	0.074356 0.042880
988	0.074305 0.042960
989	0.074253 0.042840
990	0.074201 0.042680
991	0.074148 0.042640
992	0.074096 0.042600
993	0.074042 0.042520
994	0.073989 0.042520
995	0.073935 0.042560
996	0.073881 0.042560
997	0.073827 0.042680
998	0.073773 0.042720
999	0.073718 0.042680
1000	0.073664 0.042760
1001	0.073609 0.042680
1002	0.073554 0.042680
1003	0.073499 0.042680
1004	0.073444 0.042680
1005	0.073389 0.042680
1006	0.073334 0.042680
1007	0.073280 0.042560
1008	0.073225 0.042520
1009	0.073170 0.042440
1010	0.073116 0.042480
1011	0.073062 0.042440
1012	0.073008 0.042520
1013	0.072954 0.042600
1014	0.072900 0.042560
1015	0.072847 0.042600
1016	0.072794 0.042640
1017	0.072741 0.042680
1018	0.072688 0.042760
1019	0.072636 0.042920
1020	0.072584 0.042960
1021	0.072532 0.042960
1022	0.072480 0.042920
1023	0.072429 0.043040
1024	0.072378 0.042840
1025	0.072327 0.042720
1026	0.072276 0.042720
1027	0.072226 0.042800
1028	0.072176 0.042800
1029	0.072125 0.042800
1030	0.072075 0.043000
1031	0.072026 0.044520
1032	0.071976 0.044440
1033	0.071927 0.044440
1034	0.071877 0.044480
1035	0.071828 0.044520
1036	0.071778 0.044400
1037	0.071729 0.044560
1038	0.071680 0.044640
1039	0.071631 0.044640
1040	0.071582 0.044720
1041	0.071533 0.044800
1042	0.071483 0.044720
1043	0.071434 0.044800
1044	0.071384 0.044920
1045	0.071335 0.045000
1046	0.071285 0.045040
1047	0.071235 0.045120
1048	0.071185 0.045160
1049	0.071134 0.045240
1050	0.071084 0.045200
1051	0.071034 0.045240
1052	0.070984 0.045360
1053	0.070935 0.045440
1054	0.070886 0.045560
1055	0.070839 0.045560
1056	0.070792 0.045520
1057	0.070746 0.045480
1058	0.070702 0.045560
1059	0.070658 0.045560
1060	0.070616 0.045680
1061	0.070575 0.045800
1062	0.070534 0.045960
1063	0.070494 0.045920
1064	0.070454 0.045920
1065	0.070415 0.046200
1066	0.070376 0.046160
1067	0.070337 0.046200
1068	0.070298 0.045960
1069	0.070260 0.045840
1070	0.070222 0.045840
1071	0.070184 0.045840
1072	0.070147 0.046000
1073	0.070109 0.046040
1074	0.070072 0.045960
1075	0.070035 0.045920
1076	0.069999 0.046040
1077	0.069963 0.046040
1078	0.069927 0.046040
1079	0.069891 0.046200
1080	0.069856 0.046240
1081	0.069821 0.046320
1082	0.069786 0.046320
1083	0.069752 0.046320
1084	0.069718 0.046320
1085	0.069685 0.046240
1086	0.069652 0.046200
1087	0.069620 0.046160
1088	0.069587 0.046160
1089	0.069555 0.046160
1090	0.069524 0.046160
1091	0.069493 0.046160
1092	0.069461 0.046240
1093	0.069431 0.046280
1094	0.069400 0.046280
1095	0.069369 0.046360
1096	0.069339 0.046320
1097	0.069308 0.046200
1098	0.069278 0.046160
1099	0.069248 0.046400
1100	0.069218 0.046360
1101	0.069187 0.046200
1102	0.069157 0.046160
1103	0.069127 0.046280
1104	0.069097 0.046200
1105	0.069066 0.046200
1106	0.069036 0.046240
1107	0.069006 0.046200
1108	0.068975 0.046320
1109	0.068945 0.046320
1110	0.068914 0.046360
1111	0.068883 0.046440
1112	0.068852 0.046360
1113	0.068821 0.046360
1114	0.068790 0.046440
1115	0.068759 0.046520
1116	0.068727 0.046440
1117	0.068696 0.046440
1118	0.068664 0.046440
1119	0.068632 0.046360
1120	0.068599 0.046240
1121	0.068567 0.046280
1122	0.068534 0.046400
1123	0.068501 0.046400
1124	0.068467 0.046720
1125	0.068434 0.046960
1126	0.068400 0.047120
1127	0.068366 0.047160
1128	0.068332 0.047080
1129	0.068298 0.047240
1130	0.068264 0.047240
1131	0.068230 0.047200
1132	0.068195 0.047040
1133	0.068161 0.047000
1134	0.068126 0.047000
1135	0.068092 0.047120
1136	0.068058 0.047080
1137	0.068024 0.046800
1138	0.067989 0.045560
1139	0.067955 0.045600
1140	0.067921 0.045560
1141	0.067887 0.045560
1142	0.067853 0.045680
1143	0.067819 0.045680
1144	0.067785 0.045720
1145	0.067751 0.045680
1146	0.067717 0.045640
1147	0.067682 0.045800
1148	0.067648 0.045800
1149	0.067613 0.045920
1150	0.067578 0.046080
1151	0.067543 0.046040
1152	0.067508 0.046000
1153	0.067472 0.045920
1154	0.067436 0.045960
1155	0.067399 0.046080
1156	0.067363 0.046120
1157	0.067326 0.046040
1158	0.067288 0.046040
1159	0.067251 0.046240
1160	0.067213 0.046200
1161	0.067175 0.046160
1162	0.067137 0.046360
1163	0.067098 0.046400
1164	0.067060 0.046440
1165	0.067021 0.046440
1166	0.066981 0.046320
1167	0.066942 0.046480
1168	0.066902 0.046360
1169	0.066862 0.046200
1170	0.066821 0.046040
1171	0.066780 0.046120
1172	0.066739 0.046120
1173	0.066698 0.046160
1174	0.066656 0.046120
1175	0.066614 0.046120
1176	0.066571 0.046200
1177	0.066528 0.046240
1178	0.066485 0.046240
1179	0.066442 0.046120
1180	0.066398 0.046080
1181	0.066355 0.046040
1182	0.066312 0.045920
1183	0.066268 0.045760
1184	0.066226 0.045720
1185	0.066183 0.045800
1186	0.066141 0.045680
1187	0.066099 0.045600
1188	0.066059 0.045600
1189	0.066018 0.045640
1190	0.065979 0.045560
1191	0.065941 0.045720
1192	0.065903 0.045520
1193	0.065866 0.045040
1194	0.065830 0.044520
1195	0.065794 0.044480
1196	0.065760 0.044320
1197	0.065726 0.044160
1198	0.065692 0.043920
1199	0.065659 0.043800
1200	0.065627 0.043640
1201	0.065595 0.043440
1202	0.065564 0.043240
1203	0.065533 0.043280
1204	0.065502 0.043080
1205	0.065472 0.042960
1206	0.065442 0.043000
1207	0.065413 0.042920
1208	0.065384 0.042960
1209	0.065356 0.043000
1210	0.065329 0.042920
1211	0.065302 0.042880
1212	0.065277 0.042920
1213	0.065251 0.043000
1214	0.065227 0.042920
1215	0.065202 0.043040
1216	0.065178 0.043080
1217	0.065153 0.043160
1218	0.065128 0.043400
1219	0.065102 0.043360
1220	0.065076 0.043280
1221	0.065048 0.043200
1222	0.065020 0.043240
1223	0.064991 0.043240
1224	0.064962 0.043000
1225	0.064932 0.043040
1226	0.064903 0.043120
1227	0.064874 0.043120
1228	0.064845 0.043120
1229	0.064818 0.043160
1230	0.064793 0.043040
1231	0.064769 0.043200
1232	0.064748 0.043280
1233	0.064730 0.043240
1234	0.064715 0.043240
1235	0.064703 0.043240
1236	0.064694 0.043160
1237	0.064686 0.043120
1238	0.064677 0.042960
1239	0.064667 0.043000
1240	0.064655 0.042960
1241	0.064640 0.043000
1242	0.064623 0.042880
1243	0.064604 0.042800
1244	0.064584 0.042800
1245	0.064564 0.042720
1246	0.064543 0.042640
1247	0.064521 0.042520
1248	0.064499 0.042520
1249	0.064476 0.042480
1250	0.064452 0.042720
1251	0.064428 0.042880
1252	0.064403 0.043280
1253	0.064377 0.043200
1254	0.064351 0.043440
1255	0.064325 0.043520
1256	0.064297 0.043720
1257	0.064269 0.043840
1258	0.064241 0.043760
1259	0.064211 0.043840
1260	0.064180 0.044040
1261	0.064149 0.044160
1262	0.064115 0.044200
1263	0.064080 0.044200
1264	0.064043 0.044080
1265	0.064004 0.044200
1266	0.063963 0.044160
1267	0.063920 0.044160
1268	0.063875 0.044200
1269	0.063830 0.044200
1270	0.063784 0.044480
1271	0.063738 0.044440
1272	0.063692 0.044640
1273	0.063645 0.044680
1274	0.063597 0.044640
1275	0.063548 0.044680
1276	0.063500 0.044880
1277	0.063454 0.045120
1278	0.063411 0.045120
1279	0.063368 0.045120
1280	0.063320 0.045280
1281	0.063275 0.045280
1282	0.063235 0.045120
1283	0.063195 0.045160
1284	0.063154 0.045160
1285	0.063117 0.045160
1286	0.063092 0.045200
1287	0.063054 0.045200
1288	0.063044 0.045240
1289	0.062969 0.045560
1290	0.062990 0.045440
1291	0.062870 0.045720
1292	0.062953 0.045760
1293	0.062801 0.045440
1294	0.063307 0.045920
1295	0.062937 0.045520
1296	0.062905 0.045440
1297	0.065208 0.046280
1298	0.064309 0.046240
1299	0.067407 0.045480
1300	0.067329 0.044760
1301	0.064665 0.045800
1302	0.064219 0.045520
1303	0.063297 0.045480
1304	0.062743 0.045560
1305	0.062766 0.045080
1306	0.062783 0.045040
1307	0.062721 0.045440
1308	0.062967 0.045680
1309	0.063361 0.045520
1310	0.062400 0.045440
1311	0.063307 0.045320
1312	0.062707 0.045520
1313	0.062510 0.045440
1314	0.062616 0.045960
1315	0.062817 0.045800
1316	0.062737 0.045520
1317	0.063127 0.045720
1318	0.065709 0.046240
1319	0.063159 0.045760
1320	0.063141 0.046120
1321	0.062487 0.045640
1322	0.062453 0.045760
1323	0.062332 0.045680
1324	0.062187 0.045880
1325	0.062154 0.046120
1326	0.062118 0.045960
1327	0.062277 0.045600
1328	0.062382 0.045480
1329	0.062518 0.045640
1330	0.073455 0.047480
1331	0.072877 0.046440
1332	0.066108 0.047160
1333	0.064274 0.045400
1334	0.063181 0.045720
1335	0.063390 0.046200
1336	0.066039 0.046360
1337	0.062223 0.045760
1338	0.062466 0.045760
1339	0.062287 0.045560
1340	0.062179 0.045520
1341	0.062194 0.045520
1342	0.062234 0.045320
1343	0.062375 0.045280
1344	0.062544 0.045360
1345	0.062366 0.045200
1346	0.062213 0.045560
1347	0.062352 0.045640
1348	0.062423 0.045600
1349	0.062213 0.045960
1350	0.061845 0.045480
1351	0.061628 0.045400
1352	0.062728 0.045600
1353	0.064873 0.045480
1354	0.061946 0.045240
1355	0.061741 0.045120
1356	0.061783 0.045240
1357	0.062363 0.045320
1358	0.062020 0.045720
1359	0.061685 0.045920
1360	0.061611 0.045960
1361	0.061940 0.045440
1362	0.061782 0.045840
1363	0.061740 0.045760
1364	0.061704 0.045800
1365	0.061751 0.045840
1366	0.061730 0.045880
1367	0.061725 0.045560
1368	0.061722 0.045560
1369	0.061702 0.045920
1370	0.061710 0.045720
1371	0.061712 0.045880
1372	0.061728 0.046080
1373	0.061708 0.046280
1374	0.061666 0.046480
1375	0.061723 0.046680
1376	0.061690 0.046560
1377	0.061645 0.046640
1378	0.061702 0.047000
1379	0.061737 0.046760
1380	0.061572 0.046320
1381	0.061673 0.046880
1382	0.061871 0.046240
1383	0.061515 0.046960
1384	0.061690 0.047120
1385	0.062013 0.046200
1386	0.062017 0.046080
1387	0.062912 0.046560
1388	0.062119 0.047000
1389	0.071592 0.048040
1390	0.067255 0.045800
1391	0.063633 0.046280
1392	0.065850 0.045160
1393	0.067091 0.045280
1394	0.063966 0.047120
1395	0.062006 0.045520
1396	0.062224 0.045920
1397	0.063080 0.046480
1398	0.062753 0.047160
1399	0.063481 0.045760
1400	0.064166 0.045920
1401	0.071315 0.047920
1402	0.065516 0.045560
1403	0.062296 0.046600
1404	0.062104 0.045720
1405	0.061455 0.046440
1406	0.061447 0.046720
1407	0.062575 0.046000
1408	0.061788 0.046040
1409	0.062463 0.046920
1410	0.062597 0.045720
1411	0.062554 0.046400
1412	0.062982 0.046160
1413	0.061398 0.046200
1414	0.063255 0.047000
1415	0.062495 0.046640
1416	0.062437 0.046160
1417	0.061900 0.046240
1418	0.062481 0.046360
1419	0.061786 0.045920
1420	0.063015 0.046000
1421	0.061809 0.046080
1422	0.062014 0.045400
1423	0.061790 0.046720
1424	0.061447 0.045320
1425	0.062173 0.046520
1426	0.060998 0.046520
1427	0.061043 0.046000
1428	0.060603 0.046080
1429	0.060668 0.046600
1430	0.060501 0.045640
1431	0.060383 0.045600
1432	0.062836 0.046240
1433	0.073299 0.047520
1434	0.070156 0.052160
1435	0.065542 0.044640
1436	0.062707 0.045560
1437	0.061148 0.045840
1438	0.061466 0.045640
1439	0.061116 0.045800
1440	0.060719 0.044800
1441	0.060495 0.045560
1442	0.060777 0.044440
1443	0.060392 0.045400
1444	0.060371 0.045360
1445	0.060476 0.045880
1446	0.060703 0.045440
1447	0.060350 0.045760
1448	0.060469 0.044720
1449	0.060697 0.046360
1450	0.060508 0.044200
1451	0.060660 0.043840
1452	0.060914 0.045120
1453	0.060727 0.043960
1454	0.062907 0.044920
1455	0.064285 0.044800
1456	0.061780 0.044840
1457	0.061702 0.044720
1458	0.060626 0.044520
1459	0.060491 0.045000
1460	0.060626 0.044120
1461	0.061026 0.044760
1462	0.060579 0.043680
1463	0.060575 0.044400
1464	0.060413 0.044600
1465	0.060879 0.044480
1466	0.060266 0.045080
1467	0.060035 0.044600
1468	0.060195 0.044480
1469	0.061994 0.044200
1470	0.060349 0.045160
1471	0.063580 0.044000
1472	0.062193 0.043560
1473	0.067605 0.048160
1474	0.075713 0.047000
1475	0.064240 0.044760
1476	0.061370 0.046160
1477	0.061359 0.045000
1478	0.060356 0.044400
1479	0.062579 0.045120
1480	0.061041 0.045400
1481	0.062906 0.045600
1482	0.063875 0.044040
1483	0.060998 0.045440
1484	0.060550 0.042560
1485	0.061663 0.044240
1486	0.060592 0.044160
1487	0.069903 0.049640
1488	0.065601 0.047960
1489	0.071399 0.048840
1490	0.063005 0.044480
1491	0.066591 0.044240
1492	0.061292 0.044800
1493	0.059892 0.043560
1494	0.059458 0.043880
1495	0.059558 0.043600
1496	0.059637 0.043200
1497	0.059515 0.043560
1498	0.059234 0.044000
1499	0.059619 0.043920
