0	1.184514 0.263000
1	0.702623 0.182680
2	0.554477 0.158080
3	0.484830 0.146440
4	0.443386 0.138960
5	0.414974 0.133840
6	0.394177 0.130280
7	0.378229 0.129360
8	0.365456 0.127640
9	0.354840 0.125960
10	0.345772 0.123560
11	0.337869 0.122560
12	0.330878 0.120680
13	0.324623 0.119160
14	0.318973 0.117240
15	0.313824 0.113600
16	0.309093 0.110640
17	0.304709 0.109440
18	0.300614 0.108120
19	0.296767 0.105440
20	0.293140 0.103080
21	0.289710 0.102040
22	0.286457 0.100720
23	0.283364 0.100080
24	0.280416 0.099520
25	0.277602 0.098280
26	0.274912 0.096280
27	0.272335 0.095880
28	0.269864 0.094320
29	0.267492 0.091200
30	0.265214 0.090240
31	0.263024 0.089360
32	0.260916 0.088040
33	0.258885 0.086840
34	0.256926 0.086440
35	0.255035 0.085800
36	0.253206 0.084800
37	0.251436 0.084120
38	0.249720 0.083560
39	0.248054 0.082800
40	0.246436 0.082280
41	0.244861 0.081680
42	0.243328 0.081920
43	0.241835 0.081400
44	0.240378 0.080720
45	0.238957 0.080080
46	0.237569 0.079560
47	0.236213 0.078560
48	0.234887 0.078120
49	0.233590 0.077560
50	0.232321 0.077000
51	0.231079 0.076440
52	0.229861 0.076160
53	0.228669 0.075840
54	0.227499 0.075640
55	0.226353 0.075520
56	0.225229 0.075000
57	0.224126 0.074640
58	0.223044 0.074400
59	0.221982 0.073800
60	0.220939 0.073560
61	0.219916 0.073200
62	0.218911 0.072840
63	0.217923 0.072560
64	0.216954 0.071960
65	0.216001 0.071400
66	0.215064 0.071200
67	0.214143 0.071000
68	0.213238 0.070680
69	0.212348 0.070680
70	0.211471 0.070720
71	0.210609 0.070720
72	0.209760 0.070680
73	0.208925 0.070400
74	0.208101 0.070240
75	0.207290 0.070120
76	0.206490 0.069880
77	0.205702 0.069800
78	0.204924 0.069760
79	0.204157 0.069480
80	0.203400 0.069640
81	0.202652 0.069520
82	0.201914 0.069200
83	0.201185 0.069040
84	0.200464 0.069280
85	0.199752 0.069160
86	0.199048 0.069240
87	0.198352 0.068840
88	0.197664 0.068760
89	0.196983 0.068720
90	0.196309 0.068680
91	0.195642 0.068560
92	0.194983 0.068320
93	0.194329 0.068120
94	0.193683 0.067800
95	0.193043 0.067720
96	0.192408 0.067680
97	0.191780 0.067560
98	0.191158 0.067520
99	0.190542 0.067040
100	0.189932 0.066560
101	0.189327 0.066280
102	0.188727 0.066200
103	0.188133 0.066240
104	0.187545 0.066160
105	0.186961 0.065800
106	0.186383 0.065400
107	0.185810 0.065320
108	0.185242 0.065240
109	0.184678 0.065080
110	0.184120 0.065160
111	0.183566 0.064920
112	0.183017 0.064800
113	0.182472 0.064840
114	0.181932 0.064800
115	0.181396 0.064760
116	0.180865 0.064320
117	0.180337 0.064200
118	0.179814 0.064200
119	0.179295 0.063960
120	0.178780 0.063760
121	0.178269 0.063680
122	0.177761 0.063480
123	0.177258 0.063400
124	0.176758 0.063320
125	0.176261 0.063240
126	0.175769 0.063160
127	0.175279 0.063080
128	0.174794 0.062920
129	0.174312 0.062680
130	0.173833 0.062400
131	0.173357 0.062400
132	0.172885 0.062000
133	0.172417 0.062040
134	0.171952 0.061840
135	0.171490 0.061760
136	0.171032 0.061400
137	0.170577 0.061320
138	0.170125 0.061200
139	0.169677 0.061080
140	0.169233 0.061040
141	0.168792 0.060800
142	0.168354 0.060680
143	0.167920 0.059840
144	0.167489 0.059680
145	0.167062 0.059520
146	0.166639 0.059320
147	0.166219 0.059200
148	0.165802 0.059040
149	0.165389 0.059720
150	0.164980 0.059520
151	0.164574 0.059240
152	0.164172 0.059160
153	0.163773 0.058960
154	0.163377 0.058920
155	0.162985 0.058640
156	0.162596 0.058520
157	0.162211 0.058320
158	0.161828 0.058280
159	0.161449 0.058200
160	0.161074 0.058200
161	0.160701 0.058080
162	0.160332 0.057960
163	0.159965 0.057720
164	0.159602 0.057760
165	0.159242 0.057840
166	0.158885 0.057880
167	0.158530 0.057960
168	0.158179 0.057960
169	0.157830 0.057680
170	0.157485 0.057440
171	0.157142 0.057400
172	0.156801 0.057240
173	0.156464 0.056960
174	0.156129 0.056920
175	0.155796 0.056920
176	0.155467 0.056800
177	0.155139 0.056520
178	0.154815 0.056360
179	0.154492 0.056200
180	0.154172 0.056200
181	0.153855 0.056000
182	0.153539 0.055800
183	0.153226 0.055640
184	0.152916 0.055560
185	0.152607 0.055640
186	0.152301 0.055440
187	0.151996 0.055280
188	0.151694 0.055240
189	0.151394 0.055000
190	0.151095 0.054880
191	0.150799 0.054760
192	0.150504 0.054520
193	0.150211 0.054400
194	0.149920 0.054280
195	0.149631 0.054080
196	0.149344 0.054160
197	0.149058 0.054080
198	0.148773 0.053720
199	0.148490 0.053440
200	0.148209 0.053240
201	0.147929 0.053080
202	0.147651 0.052960
203	0.147374 0.052880
204	0.147098 0.052640
205	0.146824 0.052480
206	0.146550 0.052240
207	0.146279 0.052000
208	0.146008 0.051880
209	0.145738 0.051800
210	0.145470 0.051680
211	0.145202 0.051560
212	0.144936 0.051560
213	0.144670 0.051720
214	0.144406 0.051640
215	0.144142 0.051520
216	0.143879 0.051360
217	0.143618 0.051120
218	0.143357 0.051000
219	0.143097 0.050680
220	0.142837 0.050560
221	0.142578 0.050680
222	0.142320 0.050600
223	0.142063 0.050640
224	0.141807 0.049840
225	0.141550 0.049760
226	0.141295 0.049680
227	0.141040 0.049720
228	0.140786 0.049680
229	0.140532 0.049640
230	0.140278 0.049480
231	0.140025 0.049480
232	0.139772 0.049480
233	0.139520 0.049400
234	0.139268 0.049360
235	0.139017 0.049280
236	0.138766 0.049360
237	0.138515 0.049320
238	0.138264 0.049320
239	0.138014 0.049120
240	0.137764 0.048840
241	0.137514 0.048560
242	0.137265 0.048520
243	0.137016 0.048480
244	0.136767 0.048480
245	0.136518 0.048280
246	0.136270 0.048400
247	0.136022 0.048360
248	0.135774 0.048320
249	0.135526 0.048200
250	0.135279 0.048200
251	0.135032 0.048200
252	0.134785 0.048400
253	0.134539 0.048320
254	0.134293 0.048320
255	0.134047 0.048520
256	0.133801 0.048520
257	0.133556 0.048520
258	0.133311 0.048600
259	0.133067 0.048440
260	0.132823 0.048560
261	0.132579 0.048440
262	0.132335 0.048320
263	0.132092 0.048200
264	0.131849 0.048240
265	0.131607 0.048400
266	0.131365 0.048320
267	0.131123 0.048280
268	0.130882 0.048200
269	0.130641 0.048360
270	0.130401 0.047920
271	0.130161 0.047880
272	0.129921 0.047840
273	0.129682 0.047800
274	0.129443 0.047760
275	0.129205 0.047800
276	0.128967 0.047600
277	0.128730 0.047560
278	0.128493 0.047560
279	0.128256 0.047560
280	0.128020 0.047320
281	0.127785 0.047320
282	0.127550 0.047400
283	0.127315 0.047400
284	0.127081 0.047320
285	0.126848 0.047320
286	0.126615 0.047240
287	0.126382 0.047000
288	0.126150 0.047000
289	0.125918 0.047000
290	0.125687 0.047000
291	0.125457 0.046960
292	0.125227 0.047000
293	0.124998 0.046760
294	0.124769 0.046720
295	0.124541 0.046760
296	0.124313 0.046720
297	0.124086 0.046680
298	0.123860 0.046360
299	0.123634 0.046320
300	0.123409 0.046320
301	0.123184 0.046320
302	0.122960 0.046240
303	0.122737 0.046120
304	0.122514 0.046080
305	0.122292 0.046160
306	0.122071 0.046200
307	0.121851 0.046240
308	0.121631 0.046320
309	0.121412 0.046240
310	0.121193 0.046160
311	0.120976 0.046200
312	0.120759 0.046400
313	0.120542 0.046160
314	0.120327 0.046080
315	0.120112 0.046120
316	0.119899 0.046000
317	0.119685 0.045880
318	0.119473 0.045720
319	0.119262 0.045640
320	0.119051 0.045440
321	0.118841 0.045240
322	0.118632 0.045160
323	0.118423 0.044920
324	0.118215 0.044920
325	0.118009 0.045040
326	0.117802 0.044960
327	0.117597 0.044840
328	0.117393 0.044800
329	0.117189 0.044680
330	0.116986 0.044560
331	0.116784 0.044360
332	0.116582 0.044440
333	0.116381 0.044320
334	0.116181 0.044280
335	0.115982 0.044200
336	0.115784 0.044000
337	0.115586 0.043840
338	0.115389 0.043840
339	0.115193 0.043880
340	0.114997 0.043840
341	0.114803 0.043880
342	0.114609 0.043960
343	0.114416 0.043960
344	0.114223 0.044040
345	0.114031 0.044120
346	0.113840 0.044120
347	0.113650 0.044040
348	0.113460 0.044000
349	0.113271 0.043880
350	0.113083 0.043760
351	0.112895 0.043280
352	0.112709 0.043240
353	0.112523 0.043080
354	0.112337 0.043000
355	0.112152 0.043120
356	0.111969 0.043040
357	0.111785 0.042960
358	0.111603 0.042840
359	0.111421 0.042840
360	0.111240 0.042960
361	0.111059 0.043040
362	0.110880 0.043000
363	0.110700 0.043000
364	0.110522 0.043040
365	0.110344 0.043040
366	0.110167 0.043000
367	0.109991 0.042840
368	0.109815 0.042800
369	0.109640 0.042840
370	0.109466 0.042800
371	0.109292 0.042640
372	0.109119 0.042600
373	0.108947 0.042600
374	0.108775 0.042640
375	0.108604 0.042520
376	0.108433 0.042360
377	0.108263 0.042280
378	0.108094 0.042280
379	0.107925 0.042280
380	0.107757 0.042280
381	0.107590 0.041760
382	0.107423 0.041560
383	0.107257 0.041320
384	0.107091 0.041040
385	0.106926 0.040840
386	0.106761 0.040800
387	0.106597 0.041040
388	0.106433 0.040960
389	0.106270 0.041000
390	0.106108 0.041000
391	0.105946 0.041040
392	0.105784 0.041040
393	0.105623 0.040960
394	0.105463 0.040840
395	0.105303 0.040800
396	0.105144 0.040880
397	0.104985 0.040880
398	0.104827 0.040920
399	0.104669 0.041000
400	0.104512 0.040960
401	0.104355 0.041080
402	0.104199 0.041120
403	0.104043 0.041080
404	0.103888 0.041160
405	0.103733 0.041080
406	0.103579 0.041120
407	0.103426 0.041040
408	0.103273 0.041040
409	0.103120 0.040840
410	0.102969 0.040880
411	0.102817 0.040800
412	0.102666 0.040880
413	0.102516 0.041000
414	0.102367 0.040800
415	0.102217 0.040920
416	0.102069 0.040800
417	0.101921 0.040840
418	0.101773 0.040720
419	0.101626 0.040720
420	0.101480 0.040720
421	0.101334 0.040760
422	0.101189 0.040840
423	0.101044 0.040840
424	0.100899 0.040840
425	0.100756 0.040840
426	0.100612 0.040880
427	0.100469 0.040840
428	0.100327 0.040800
429	0.100185 0.040720
430	0.100044 0.040600
431	0.099903 0.040560
432	0.099762 0.040560
433	0.099622 0.040520
434	0.099483 0.040640
435	0.099343 0.040800
436	0.099205 0.040920
437	0.099066 0.040880
438	0.098929 0.040800
439	0.098791 0.040800
440	0.098654 0.040840
441	0.098517 0.040720
442	0.098381 0.040720
443	0.098245 0.040760
444	0.098110 0.040680
445	0.097974 0.040760
446	0.097840 0.040880
447	0.097705 0.040840
448	0.097571 0.040880
449	0.097437 0.040880
450	0.097304 0.040840
451	0.097171 0.040800
452	0.097038 0.040840
453	0.096906 0.040760
454	0.096774 0.040720
455	0.096642 0.040680
456	0.096511 0.040760
457	0.096380 0.040840
458	0.096250 0.040800
459	0.096119 0.040720
460	0.095990 0.040520
461	0.095860 0.040440
462	0.095731 0.040440
463	0.095602 0.040400
464	0.095473 0.040480
465	0.095345 0.040520
466	0.095217 0.040560
467	0.095090 0.040560
468	0.094963 0.040520
469	0.094836 0.040520
470	0.094710 0.040520
471	0.094584 0.040360
472	0.094458 0.040320
473	0.094332 0.040360
474	0.094207 0.040240
475	0.094083 0.040320
476	0.093958 0.040280
477	0.093834 0.040200
478	0.093710 0.040000
479	0.093587 0.039960
480	0.093464 0.039840
481	0.093341 0.039800
482	0.093219 0.039800
483	0.093097 0.039760
484	0.092975 0.039680
485	0.092854 0.039640
486	0.092733 0.039720
487	0.092612 0.039720
488	0.092491 0.039760
489	0.092371 0.039720
490	0.092251 0.039720
491	0.092132 0.039800
492	0.092013 0.039600
493	0.091894 0.039600
494	0.091775 0.039520
495	0.091657 0.039520
496	0.091539 0.039520
497	0.091422 0.039360
498	0.091304 0.039240
499	0.091187 0.039240
500	0.091071 0.039120
501	0.090954 0.039080
502	0.090838 0.039040
503	0.090723 0.039040
504	0.090607 0.039120
505	0.090492 0.039160
506	0.090378 0.039200
507	0.090263 0.039280
508	0.090149 0.039240
509	0.090036 0.039240
510	0.089923 0.039200
511	0.089810 0.039280
512	0.089697 0.039280
513	0.089585 0.039240
514	0.089473 0.039320
515	0.089361 0.039400
516	0.089250 0.039400
517	0.089139 0.039320
518	0.089029 0.039360
519	0.088918 0.039360
520	0.088808 0.039360
521	0.088699 0.039400
522	0.088589 0.039480
523	0.088480 0.039440
524	0.088372 0.039320
525	0.088263 0.039480
526	0.088155 0.039400
527	0.088047 0.039360
528	0.087939 0.039440
529	0.087832 0.039520
530	0.087725 0.039560
531	0.087618 0.039480
532	0.087512 0.039480
533	0.087405 0.039480
534	0.087299 0.039680
535	0.087194 0.039760
536	0.087088 0.039720
537	0.086983 0.039720
538	0.086878 0.039640
539	0.086774 0.039720
540	0.086669 0.039640
541	0.086565 0.039360
542	0.086461 0.039400
543	0.086358 0.039320
544	0.086254 0.039280
545	0.086151 0.039400
546	0.086048 0.039360
547	0.085946 0.039360
548	0.085843 0.039360
549	0.085741 0.039360
550	0.085640 0.039360
551	0.085538 0.039320
552	0.085437 0.039320
553	0.085336 0.039200
554	0.085235 0.039320
555	0.085134 0.039280
556	0.085034 0.039320
557	0.084934 0.039240
558	0.084834 0.039200
559	0.084734 0.039240
560	0.084634 0.039240
561	0.084535 0.039200
562	0.084436 0.039280
563	0.084337 0.039160
564	0.084238 0.038920
565	0.084139 0.038880
566	0.084040 0.038840
567	0.083942 0.038840
568	0.083844 0.038800
569	0.083745 0.038720
570	0.083647 0.038720
571	0.083550 0.038720
572	0.083452 0.038720
573	0.083354 0.038560
574	0.083257 0.038760
575	0.083159 0.038800
576	0.083062 0.038640
577	0.082965 0.038640
578	0.082868 0.038600
579	0.082771 0.038640
580	0.082674 0.038440
581	0.082577 0.038280
582	0.082481 0.038160
583	0.082384 0.038080
584	0.082288 0.038080
585	0.082192 0.038000
586	0.082096 0.038040
587	0.082000 0.038000
588	0.081904 0.037960
589	0.081809 0.037960
590	0.081713 0.038000
591	0.081618 0.037760
592	0.081523 0.037600
593	0.081428 0.037600
594	0.081333 0.037520
595	0.081238 0.037520
596	0.081143 0.037560
597	0.081049 0.037520
598	0.080955 0.037400
599	0.080860 0.037440
600	0.080766 0.037480
601	0.080673 0.037440
602	0.080579 0.037320
603	0.080485 0.037320
604	0.080392 0.037200
605	0.080298 0.037120
606	0.080205 0.037080
607	0.080112 0.036920
608	0.080019 0.036880
609	0.079926 0.036800
610	0.079833 0.036680
611	0.079740 0.036600
612	0.079648 0.036560
613	0.079555 0.036480
614	0.079462 0.036440
615	0.079370 0.036440
616	0.079277 0.036360
617	0.079185 0.036400
618	0.079093 0.036320
619	0.079000 0.036360
620	0.078908 0.036240
621	0.078816 0.036160
622	0.078723 0.035880
623	0.078631 0.035880
624	0.078539 0.035920
625	0.078447 0.035920
626	0.078355 0.035840
627	0.078264 0.035760
628	0.078172 0.035720
629	0.078081 0.035360
630	0.077989 0.035280
631	0.077898 0.035040
632	0.077808 0.034960
633	0.077717 0.034800
634	0.077627 0.034760
635	0.077536 0.034680
636	0.077446 0.034720
637	0.077357 0.034720
638	0.077267 0.034760
639	0.077178 0.034960
640	0.077089 0.035080
641	0.077000 0.034960
642	0.076912 0.034920
643	0.076823 0.034880
644	0.076735 0.034880
645	0.076647 0.034840
646	0.076559 0.034800
647	0.076472 0.034760
648	0.076384 0.034720
649	0.076297 0.034720
650	0.076210 0.034600
651	0.076123 0.034440
652	0.076036 0.034480
653	0.075950 0.034360
654	0.075863 0.034360
655	0.075777 0.034320
656	0.075691 0.034240
657	0.075605 0.034200
658	0.075519 0.034280
659	0.075434 0.034320
660	0.075348 0.034280
661	0.075263 0.034440
662	0.075178 0.034520
663	0.075093 0.034480
664	0.075008 0.034480
665	0.074923 0.034520
666	0.074839 0.034480
667	0.074755 0.034400
668	0.074670 0.034200
669	0.074586 0.034200
670	0.074503 0.034240
671	0.074419 0.034200
672	0.074335 0.034200
673	0.074252 0.034200
674	0.074169 0.034200
675	0.074086 0.034240
676	0.074003 0.034240
677	0.073920 0.034240
678	0.073838 0.034240
679	0.073756 0.034160
680	0.073673 0.034240
681	0.073592 0.034200
682	0.073510 0.034200
683	0.073428 0.034120
684	0.073347 0.034080
685	0.073266 0.033960
686	0.073185 0.033960
687	0.073104 0.033880
688	0.073023 0.033920
689	0.072943 0.033960
690	0.072862 0.033800
691	0.072782 0.033800
692	0.072703 0.033760
693	0.072623 0.033720
694	0.072544 0.033760
695	0.072464 0.033760
696	0.072385 0.033880
697	0.072307 0.033920
698	0.072228 0.033920
699	0.072150 0.033960
700	0.072072 0.034000
701	0.071994 0.034080
702	0.071916 0.034240
703	0.071838 0.034280
704	0.071761 0.034200
705	0.071684 0.034240
706	0.071607 0.034240
707	0.071530 0.034240
708	0.071454 0.034400
709	0.071377 0.034360
710	0.071301 0.034320
711	0.071225 0.034320
712	0.071150 0.034320
713	0.071074 0.034240
714	0.070999 0.034200
715	0.070924 0.034120
716	0.070849 0.033960
717	0.070774 0.033960
718	0.070700 0.033960
719	0.070626 0.034120
720	0.070552 0.034160
721	0.070478 0.034200
722	0.070404 0.034200
723	0.070331 0.034240
724	0.070258 0.034120
725	0.070185 0.034200
726	0.070112 0.034200
727	0.070039 0.034200
728	0.069967 0.034160
729	0.069895 0.034160
730	0.069823 0.034080
731	0.069751 0.033880
732	0.069680 0.033880
733	0.069609 0.033880
734	0.069538 0.033320
735	0.069467 0.033360
736	0.069397 0.033360
737	0.069326 0.033400
738	0.069256 0.033360
739	0.069186 0.033360
740	0.069117 0.033320
741	0.069047 0.033280
742	0.068978 0.033280
743	0.068909 0.033320
744	0.068840 0.033280
745	0.068772 0.033120
746	0.068703 0.033240
747	0.068635 0.033600
748	0.068567 0.033520
749	0.068499 0.033560
750	0.068431 0.033560
751	0.068364 0.033560
752	0.068296 0.033440
753	0.068229 0.033480
754	0.068162 0.033480
755	0.068096 0.033320
756	0.068029 0.033360
757	0.067962 0.033280
758	0.067896 0.033280
759	0.067830 0.033280
760	0.067764 0.033280
761	0.067698 0.033360
762	0.067633 0.033400
763	0.067567 0.033400
764	0.067502 0.033480
765	0.067437 0.033640
766	0.067372 0.033640
767	0.067308 0.033760
768	0.067243 0.033800
769	0.067179 0.033760
770	0.067115 0.034000
771	0.067051 0.034120
772	0.066987 0.034240
773	0.066924 0.034160
774	0.066861 0.034160
775	0.066798 0.034320
776	0.066735 0.034320
777	0.066673 0.034360
778	0.066610 0.034440
779	0.066548 0.034680
780	0.066487 0.034720
781	0.066425 0.034720
782	0.066364 0.034760
783	0.066303 0.034800
784	0.066242 0.034800
785	0.066181 0.034880
786	0.066121 0.034960
787	0.066060 0.034920
788	0.066000 0.034920
789	0.065941 0.034880
790	0.065881 0.034840
791	0.065822 0.034960
792	0.065762 0.034960
793	0.065703 0.034920
794	0.065645 0.034960
795	0.065586 0.035000
796	0.065528 0.034960
797	0.065469 0.034880
798	0.065411 0.035000
799	0.065354 0.035320
800	0.065296 0.035280
801	0.065239 0.035320
802	0.065181 0.035320
803	0.065124 0.035240
804	0.065067 0.035240
805	0.065011 0.035360
806	0.064955 0.035240
807	0.064898 0.035160
808	0.064843 0.035200
809	0.064787 0.035120
810	0.064732 0.035080
811	0.064676 0.035080
812	0.064622 0.035040
813	0.064567 0.035080
814	0.064513 0.035200
815	0.064459 0.035240
816	0.064405 0.035200
817	0.064352 0.035200
818	0.064299 0.035200
819	0.064246 0.035200
820	0.064194 0.035320
821	0.064142 0.035240
822	0.064090 0.035200
823	0.064039 0.035200
824	0.063988 0.035280
825	0.063937 0.035200
826	0.063886 0.035320
827	0.063836 0.035360
828	0.063786 0.035400
829	0.063736 0.035480
830	0.063687 0.035440
831	0.063637 0.035320
832	0.063588 0.035280
833	0.063540 0.035280
834	0.063491 0.035240
835	0.063442 0.035200
836	0.063394 0.035200
837	0.063346 0.035240
838	0.063298 0.035280
839	0.063249 0.035240
840	0.063201 0.035320
841	0.063153 0.035400
842	0.063105 0.035480
843	0.063057 0.035600
844	0.063009 0.035560
845	0.062961 0.035560
846	0.062913 0.035560
847	0.062865 0.035680
848	0.062817 0.035680
849	0.062768 0.035600
850	0.062720 0.035600
851	0.062671 0.035440
852	0.062622 0.035520
853	0.062573 0.035400
854	0.062524 0.035440
855	0.062474 0.035520
856	0.062424 0.035560
857	0.062374 0.035440
858	0.062324 0.035480
859	0.062273 0.035600
860	0.062222 0.035560
861	0.062171 0.035680
862	0.062119 0.035680
863	0.062068 0.035680
864	0.062015 0.035640
865	0.061963 0.035600
866	0.061910 0.035480
867	0.061857 0.035480
868	0.061804 0.035560
869	0.061750 0.035560
870	0.061696 0.035360
871	0.061642 0.035280
872	0.061587 0.035280
873	0.061532 0.035320
874	0.061477 0.035360
875	0.061422 0.035440
876	0.061366 0.035520
877	0.061310 0.035680
878	0.061255 0.035640
879	0.061199 0.035720
880	0.061143 0.035760
881	0.061086 0.035720
882	0.061030 0.035680
883	0.060974 0.035600
884	0.060918 0.035720
885	0.060862 0.035560
886	0.060806 0.035600
887	0.060751 0.035560
888	0.060695 0.035480
889	0.060640 0.035480
890	0.060585 0.035560
891	0.060530 0.035520
892	0.060475 0.035560
893	0.060420 0.035560
894	0.060366 0.035560
895	0.060312 0.035560
896	0.060258 0.035400
897	0.060204 0.035360
898	0.060150 0.035520
899	0.060096 0.035520
900	0.060043 0.035560
901	0.059989 0.035520
902	0.059935 0.035520
903	0.059882 0.035440
904	0.059828 0.035560
905	0.059774 0.035360
906	0.059721 0.035320
907	0.059667 0.035200
908	0.059613 0.035040
909	0.059559 0.035160
910	0.059504 0.035160
911	0.059450 0.035200
912	0.059395 0.035200
913	0.059340 0.035160
914	0.059286 0.035120
915	0.059230 0.035080
916	0.059175 0.034960
917	0.059120 0.034920
918	0.059065 0.034880
919	0.059009 0.034840
920	0.058954 0.034840
921	0.058899 0.034760
922	0.058844 0.034680
923	0.058788 0.034680
924	0.058733 0.034520
925	0.058678 0.034360
926	0.058623 0.034120
927	0.058569 0.034040
928	0.058514 0.033920
929	0.058460 0.033880
930	0.058406 0.033960
931	0.058351 0.034000
932	0.058297 0.034080
933	0.058243 0.034080
934	0.058189 0.034000
935	0.058135 0.034040
936	0.058081 0.033960
937	0.058027 0.034160
938	0.057973 0.034160
939	0.057918 0.034160
940	0.057864 0.034120
941	0.057810 0.033960
942	0.057757 0.034080
943	0.057707 0.034160
944	0.057658 0.034400
945	0.057612 0.034280
946	0.057563 0.034240
947	0.057508 0.034240
948	0.057447 0.034240
949	0.057384 0.034440
950	0.057321 0.034360
951	0.057257 0.034320
952	0.057193 0.034320
953	0.057129 0.034200
954	0.057065 0.034280
955	0.057001 0.034440
956	0.056939 0.034600
957	0.056877 0.034520
958	0.056817 0.034440
959	0.056757 0.034400
960	0.056699 0.034320
961	0.056641 0.034360
962	0.056584 0.034400
963	0.056528 0.034520
964	0.056472 0.034520
965	0.056417 0.034400
966	0.056363 0.034520
967	0.056310 0.034520
968	0.056257 0.034600
969	0.056205 0.034760
970	0.056153 0.034760
971	0.056102 0.034680
972	0.056052 0.034680
973	0.056002 0.034680
974	0.055953 0.034840
975	0.055904 0.034720
976	0.055855 0.034760
977	0.055807 0.034760
978	0.055760 0.034720
979	0.055713 0.034800
980	0.055666 0.034800
981	0.055620 0.034800
982	0.055574 0.034800
983	0.055528 0.034720
984	0.055483 0.034720
985	0.055439 0.034800
986	0.055395 0.034800
987	0.055351 0.034800
988	0.055308 0.034800
989	0.055266 0.034760
990	0.055225 0.034760
991	0.055185 0.034840
992	0.055145 0.034840
993	0.055107 0.034880
994	0.055069 0.034880
995	0.055032 0.034600
996	0.054996 0.034600
997	0.054960 0.034600
998	0.054925 0.034520
999	0.054889 0.034480
1000	0.054854 0.034440
1001	0.054818 0.034400
1002	0.054782 0.034240
1003	0.054746 0.034280
1004	0.054709 0.034240
1005	0.054672 0.034320
1006	0.054634 0.034280
1007	0.054596 0.034280
1008	0.054558 0.034320
1009	0.054519 0.034320
1010	0.054480 0.034360
1011	0.054440 0.034640
1012	0.054400 0.034640
1013	0.054360 0.034560
1014	0.054319 0.034520
1015	0.054278 0.034560
1016	0.054237 0.034560
1017	0.054196 0.034600
1018	0.054155 0.034600
1019	0.054113 0.034600
1020	0.054072 0.034640
1021	0.054030 0.034600
1022	0.053989 0.034640
1023	0.053948 0.034680
1024	0.053906 0.034720
1025	0.053865 0.034760
1026	0.053824 0.034640
1027	0.053783 0.034640
1028	0.053743 0.034680
1029	0.053702 0.034800
1030	0.053662 0.034880
1031	0.053621 0.034800
1032	0.053581 0.034800
1033	0.053541 0.034960
1034	0.053501 0.034800
1035	0.053461 0.034800
1036	0.053422 0.034760
1037	0.053382 0.034840
1038	0.053342 0.034840
1039	0.053303 0.034800
1040	0.053264 0.034920
1041	0.053225 0.034920
1042	0.053186 0.035040
1043	0.053148 0.035040
1044	0.053110 0.035040
1045	0.053072 0.034960
1046	0.053034 0.034960
1047	0.052996 0.034800
1048	0.052959 0.034880
1049	0.052922 0.034760
1050	0.052885 0.034800
1051	0.052848 0.034840
1052	0.052811 0.034960
1053	0.052773 0.035040
1054	0.052736 0.034880
1055	0.052699 0.034960
1056	0.052662 0.035080
1057	0.052624 0.035040
1058	0.052587 0.034680
1059	0.052550 0.034720
1060	0.052513 0.034680
1061	0.052476 0.034680
1062	0.052440 0.034640
1063	0.052404 0.034720
1064	0.052368 0.034840
1065	0.052332 0.035040
1066	0.052297 0.035040
1067	0.052262 0.035080
1068	0.052227 0.035080
1069	0.052193 0.035080
1070	0.052160 0.035080
1071	0.052127 0.035240
1072	0.052095 0.035320
1073	0.052064 0.035280
1074	0.052034 0.035360
1075	0.052005 0.035360
1076	0.051978 0.035440
1077	0.051953 0.035400
1078	0.051929 0.035480
1079	0.051907 0.035440
1080	0.051889 0.035560
1081	0.051874 0.035600
1082	0.051864 0.035440
1083	0.051861 0.035280
1084	0.051865 0.035320
1085	0.051875 0.035440
1086	0.051886 0.035600
1087	0.051895 0.035480
1088	0.051901 0.035480
1089	0.051903 0.035480
1090	0.051903 0.035480
1091	0.051900 0.035480
1092	0.051897 0.035440
1093	0.051891 0.035440
1094	0.051882 0.035520
1095	0.051869 0.035560
1096	0.051852 0.035600
1097	0.051831 0.035800
1098	0.051807 0.036080
1099	0.051781 0.035880
1100	0.051753 0.035640
1101	0.051723 0.035480
1102	0.051691 0.035720
1103	0.051657 0.035840
1104	0.051621 0.036040
1105	0.051582 0.035880
1106	0.051542 0.035880
1107	0.051499 0.035840
1108	0.051455 0.035920
1109	0.051410 0.035920
1110	0.051363 0.035800
1111	0.051315 0.035560
1112	0.051266 0.035400
1113	0.051216 0.035280
1114	0.051165 0.035080
1115	0.051114 0.035000
1116	0.051062 0.034880
1117	0.051010 0.034960
1118	0.050957 0.034920
1119	0.050903 0.035000
1120	0.050848 0.034880
1121	0.050793 0.034760
1122	0.050738 0.034680
1123	0.050683 0.034680
1124	0.050628 0.034640
1125	0.050575 0.034560
1126	0.050523 0.034680
1127	0.050472 0.034600
1128	0.050421 0.034560
1129	0.050372 0.034520
1130	0.050324 0.034200
1131	0.050277 0.034080
1132	0.050231 0.034040
1133	0.050186 0.034040
1134	0.050142 0.034080
1135	0.050099 0.033960
1136	0.050057 0.033840
1137	0.050015 0.033880
1138	0.049974 0.033960
1139	0.049933 0.033880
1140	0.049892 0.033840
1141	0.049852 0.033800
1142	0.049813 0.033760
1143	0.049774 0.033560
1144	0.049735 0.033440
1145	0.049697 0.033520
1146	0.049661 0.033440
1147	0.049625 0.033480
1148	0.049591 0.033640
1149	0.049558 0.033560
1150	0.049528 0.033520
1151	0.049498 0.033480
1152	0.049470 0.033440
1153	0.049443 0.033720
1154	0.049417 0.033560
1155	0.049392 0.033560
1156	0.049369 0.033480
1157	0.049349 0.033560
1158	0.049335 0.033600
1159	0.049346 0.033680
1160	0.049558 0.033800
1161	0.049424 0.033600
1162	0.051720 0.033080
1163	0.054084 0.034080
1164	0.054093 0.035040
1165	0.057648 0.035560
1166	0.051400 0.034680
1167	0.053410 0.034560
1168	0.050915 0.033960
1169	0.050879 0.034200
1170	0.050055 0.033960
1171	0.049478 0.033880
1172	0.051125 0.033120
1173	0.049821 0.033560
1174	0.049332 0.033440
1175	0.049231 0.033840
1176	0.049261 0.033520
1177	0.049038 0.033320
1178	0.049090 0.033560
1179	0.049149 0.033600
1180	0.049159 0.033680
1181	0.049090 0.033800
1182	0.049426 0.033840
1183	0.050366 0.034240
1184	0.049295 0.034440
1185	0.049262 0.034080
1186	0.049515 0.033880
1187	0.049714 0.033440
1188	0.049035 0.034040
1189	0.049335 0.034320
1190	0.049542 0.034480
1191	0.049558 0.033560
1192	0.048942 0.033720
1193	0.049113 0.034200
1194	0.048876 0.034240
1195	0.048873 0.034360
1196	0.049169 0.034480
1197	0.049720 0.034200
1198	0.048911 0.034560
1199	0.050754 0.035200
1200	0.049490 0.034720
1201	0.049440 0.034240
1202	0.049125 0.035400
1203	0.049082 0.033320
1204	0.048625 0.034440
1205	0.048342 0.034640
1206	0.049000 0.034680
1207	0.048501 0.034240
1208	0.048533 0.034760
1209	0.048322 0.034840
1210	0.048737 0.035000
1211	0.048349 0.034640
1212	0.048467 0.034720
1213	0.048850 0.035320
1214	0.048768 0.034720
1215	0.048826 0.035160
1216	0.055415 0.032080
1217	0.048678 0.035840
1218	0.050108 0.034240
1219	0.049701 0.033760
1220	0.048776 0.034200
1221	0.048376 0.034480
1222	0.047954 0.033560
1223	0.048344 0.034080
1224	0.047961 0.034560
1225	0.053460 0.031640
1226	0.048446 0.033800
1227	0.049962 0.035240
1228	0.054637 0.034840
1229	0.049000 0.035040
1230	0.049737 0.035160
1231	0.048531 0.032040
1232	0.048091 0.034360
1233	0.048037 0.033040
1234	0.048991 0.034160
1235	0.048197 0.032920
1236	0.047817 0.033000
1237	0.047580 0.032840
1238	0.047623 0.032440
1239	0.047540 0.032760
1240	0.047895 0.033880
1241	0.053476 0.032640
1242	0.054719 0.035840
1243	0.048983 0.032320
1244	0.049623 0.032560
1245	0.048232 0.032440
1246	0.047742 0.032800
1247	0.047683 0.032520
1248	0.050232 0.032120
1249	0.048765 0.033080
1250	0.047761 0.034120
1251	0.047731 0.032520
1252	0.048469 0.032160
1253	0.052271 0.034080
1254	0.049746 0.032600
1255	0.048449 0.032760
1256	0.047879 0.032440
1257	0.047726 0.032360
1258	0.047364 0.031960
1259	0.047811 0.031080
1260	0.049013 0.031960
1261	0.048142 0.032400
1262	0.048108 0.030880
1263	0.047012 0.031800
1264	0.047054 0.031680
1265	0.048606 0.030880
1266	0.046952 0.031960
1267	0.046863 0.031480
1268	0.046746 0.031400
1269	0.046727 0.031440
1270	0.046724 0.030280
1271	0.047111 0.031760
1272	0.046755 0.031480
1273	0.047740 0.032840
1274	0.048597 0.032040
1275	0.047784 0.031480
1276	0.046375 0.031040
1277	0.046114 0.030400
1278	0.045671 0.030600
1279	0.045698 0.030560
1280	0.045633 0.030400
1281	0.045711 0.030480
1282	0.045721 0.030320
1283	0.045614 0.030480
1284	0.045927 0.031560
1285	0.045549 0.030320
1286	0.045484 0.030080
1287	0.045489 0.030120
1288	0.045373 0.030400
1289	0.045389 0.029960
1290	0.045685 0.030720
1291	0.047106 0.032760
1292	0.046444 0.031400
1293	0.045676 0.029560
1294	0.046373 0.031200
1295	0.045731 0.029960
1296	0.045551 0.029520
1297	0.045385 0.029560
1298	0.044875 0.029840
1299	0.044700 0.029000
1300	0.044790 0.029880
1301	0.044681 0.029800
1302	0.044548 0.029480
1303	0.044721 0.029720
1304	0.045854 0.031200
1305	0.045055 0.029880
1306	0.045491 0.029360
1307	0.045328 0.029480
1308	0.045247 0.028280
1309	0.045088 0.029200
1310	0.044629 0.028760
1311	0.044705 0.028800
1312	0.045198 0.029360
1313	0.045529 0.029000
1314	0.045720 0.030680
1315	0.045370 0.028840
1316	0.044914 0.028600
1317	0.045747 0.029400
1318	0.045443 0.029600
1319	0.044836 0.029640
1320	0.044795 0.028840
1321	0.051177 0.031760
1322	0.053840 0.029720
1323	0.053388 0.029560
1324	0.047626 0.029560
1325	0.046652 0.029120
1326	0.044550 0.029880
1327	0.044462 0.028800
1328	0.045663 0.029440
1329	0.044625 0.029400
1330	0.044750 0.029280
1331	0.044327 0.029240
1332	0.045413 0.028800
1333	0.050357 0.030040
1334	0.044615 0.029560
1335	0.044176 0.028720
1336	0.044534 0.028680
1337	0.044265 0.029000
1338	0.044161 0.029400
1339	0.043941 0.029160
1340	0.044206 0.029360
1341	0.047028 0.028920
1342	0.045211 0.030040
1343	0.044806 0.029760
1344	0.044746 0.029320
1345	0.049648 0.028880
1346	0.046617 0.028960
1347	0.046969 0.028800
1348	0.048456 0.030840
1349	0.052950 0.032440
1350	0.046391 0.030160
1351	0.043987 0.028600
1352	0.045846 0.030280
1353	0.044129 0.028960
1354	0.043836 0.029080
1355	0.044046 0.028680
1356	0.043676 0.028480
1357	0.044033 0.029400
1358	0.043749 0.028120
1359	0.043040 0.028520
1360	0.043243 0.029320
1361	0.043150 0.029120
1362	0.043174 0.028960
1363	0.043213 0.029200
1364	0.043361 0.028320
1365	0.043647 0.028640
1366	0.043416 0.028520
1367	0.044319 0.029520
1368	0.047862 0.035760
1369	0.046405 0.028520
1370	0.043626 0.028640
1371	0.044249 0.028480
1372	0.044304 0.028240
1373	0.052108 0.032280
1374	0.046046 0.027880
1375	0.044239 0.028640
1376	0.044001 0.029080
1377	0.044622 0.029240
1378	0.043551 0.028880
1379	0.043583 0.029160
1380	0.043572 0.028280
1381	0.043396 0.028520
1382	0.043291 0.028480
1383	0.042930 0.028600
1384	0.042887 0.029000
1385	0.043042 0.028760
1386	0.043880 0.028320
1387	0.044358 0.033080
1388	0.044888 0.027840
1389	0.043056 0.028680
1390	0.043603 0.028360
1391	0.043680 0.027520
1392	0.044222 0.028280
1393	0.045581 0.028880
1394	0.049856 0.034800
1395	0.051133 0.030640
1396	0.043940 0.029080
1397	0.044768 0.028280
1398	0.046060 0.028400
1399	0.043661 0.027720
1400	0.043020 0.028240
1401	0.042351 0.028200
1402	0.042457 0.028000
1403	0.042276 0.028480
1404	0.042443 0.027880
1405	0.041873 0.028320
1406	0.042498 0.027880
1407	0.042444 0.027160
1408	0.042744 0.027000
1409	0.042373 0.027520
1410	0.042396 0.028240
1411	0.041790 0.028880
1412	0.042290 0.028120
1413	0.042018 0.028440
1414	0.042760 0.028280
1415	0.041957 0.028600
1416	0.041823 0.028200
1417	0.041504 0.028360
1418	0.042087 0.028320
1419	0.041913 0.028560
1420	0.049027 0.037040
1421	0.054724 0.028120
1422	0.044576 0.028640
1423	0.043614 0.027440
1424	0.047219 0.027920
1425	0.042716 0.028840
1426	0.042897 0.027960
1427	0.046518 0.027960
1428	0.043903 0.027560
1429	0.041983 0.028520
1430	0.042297 0.027960
1431	0.042015 0.028160
1432	0.041777 0.028000
1433	0.041919 0.027400
1434	0.041442 0.027560
1435	0.041606 0.028160
1436	0.041395 0.027720
1437	0.040955 0.027960
1438	0.040983 0.028040
1439	0.040970 0.027960
1440	0.040990 0.028120
1441	0.040909 0.027680
1442	0.040936 0.027720
1443	0.040919 0.027640
1444	0.040868 0.027560
1445	0.040705 0.027840
1446	0.040585 0.028560
1447	0.040526 0.028680
1448	0.040527 0.028480
1449	0.040543 0.028600
1450	0.040552 0.028800
1451	0.040507 0.028600
1452	0.040516 0.028200
1453	0.040445 0.028320
1454	0.040584 0.028320
1455	0.040676 0.028040
1456	0.040568 0.027960
1457	0.040588 0.027880
1458	0.040366 0.028400
1459	0.040232 0.028120
1460	0.040221 0.028960
1461	0.040132 0.028800
1462	0.040102 0.028280
1463	0.040130 0.028680
1464	0.040098 0.028600
1465	0.040067 0.028760
1466	0.040046 0.028520
1467	0.040060 0.028440
1468	0.040098 0.028320
1469	0.040107 0.028440
1470	0.040047 0.028280
1471	0.039980 0.028400
1472	0.039954 0.028280
1473	0.039958 0.028320
1474	0.039977 0.028360
1475	0.039981 0.028240
1476	0.039975 0.028320
1477	0.039983 0.028480
1478	0.040005 0.028520
1479	0.040034 0.028520
1480	0.040047 0.028360
1481	0.040035 0.028320
1482	0.040005 0.028200
1483	0.039976 0.028040
1484	0.039958 0.027960
1485	0.039933 0.027880
1486	0.039919 0.027800
1487	0.039926 0.027800
1488	0.039947 0.027680
1489	0.039970 0.027640
1490	0.040012 0.027840
1491	0.039992 0.027800
1492	0.040147 0.028040
1493	0.039968 0.027600
1494	0.040688 0.028400
1495	0.058472 0.035440
1496	0.055095 0.028560
1497	0.058207 0.031800
1498	0.052638 0.026880
1499	0.049797 0.031320
