0	1.126209 0.264240
1	0.659882 0.197800
2	0.526632 0.160520
3	0.464796 0.146240
4	0.428565 0.135600
5	0.403491 0.125880
6	0.384745 0.120720
7	0.370119 0.116680
8	0.358278 0.111720
9	0.348359 0.109560
10	0.339823 0.107280
11	0.332332 0.106000
12	0.325662 0.104240
13	0.319655 0.102760
14	0.314195 0.101320
15	0.309195 0.100760
16	0.304585 0.100960
17	0.300314 0.100200
18	0.296340 0.099360
19	0.292626 0.098560
20	0.289146 0.097840
21	0.285874 0.097120
22	0.282788 0.096720
23	0.279869 0.095960
24	0.277102 0.094960
25	0.274470 0.094560
26	0.271961 0.093800
27	0.269563 0.093440
28	0.267267 0.092800
29	0.265063 0.091800
30	0.262944 0.090520
31	0.260903 0.089960
32	0.258933 0.088720
33	0.257029 0.087880
34	0.255186 0.087240
35	0.253399 0.086520
36	0.251666 0.085560
37	0.249981 0.085160
38	0.248342 0.084880
39	0.246746 0.084160
40	0.245191 0.082160
41	0.243674 0.081040
42	0.242193 0.080640
43	0.240745 0.080520
44	0.239331 0.079720
45	0.237947 0.079280
46	0.236594 0.078800
47	0.235268 0.078000
48	0.233970 0.077480
49	0.232697 0.077240
50	0.231450 0.076920
51	0.230227 0.076200
52	0.229026 0.076040
53	0.227848 0.075560
54	0.226692 0.075000
55	0.225556 0.074400
56	0.224440 0.074040
57	0.223343 0.073560
58	0.222265 0.073120
59	0.221205 0.072040
60	0.220162 0.071840
61	0.219137 0.071600
62	0.218127 0.071360
63	0.217134 0.071040
64	0.216156 0.070720
65	0.215193 0.070560
66	0.214245 0.070120
67	0.213310 0.069880
68	0.212389 0.069680
69	0.211482 0.069560
70	0.210587 0.068880
71	0.209704 0.068760
72	0.208833 0.068800
73	0.207973 0.068440
74	0.207124 0.068520
75	0.206286 0.068280
76	0.205459 0.068000
77	0.204641 0.068000
78	0.203833 0.067520
79	0.203034 0.066920
80	0.202244 0.066040
81	0.201463 0.065440
82	0.200690 0.065240
83	0.199926 0.064400
84	0.199169 0.064320
85	0.198420 0.064360
86	0.197678 0.064000
87	0.196943 0.063760
88	0.196215 0.063760
89	0.195494 0.063680
90	0.194779 0.063760
91	0.194070 0.063440
92	0.193367 0.063320
93	0.192670 0.063160
94	0.191978 0.062960
95	0.191292 0.062680
96	0.190610 0.062200
97	0.189934 0.062080
98	0.189262 0.061880
99	0.188595 0.061400
100	0.187933 0.061080
101	0.187275 0.060960
102	0.186621 0.060400
103	0.185972 0.060520
104	0.185328 0.060560
105	0.184688 0.060680
106	0.184052 0.060480
107	0.183421 0.060240
108	0.182794 0.060040
109	0.182171 0.060040
110	0.181553 0.059640
111	0.180940 0.059480
112	0.180331 0.059520
113	0.179727 0.059440
114	0.179128 0.059480
115	0.178533 0.059280
116	0.177943 0.059120
117	0.177357 0.058720
118	0.176776 0.058480
119	0.176200 0.058200
120	0.175628 0.058040
121	0.175061 0.057920
122	0.174499 0.057760
123	0.173941 0.057280
124	0.173387 0.057200
125	0.172838 0.057000
126	0.172293 0.056920
127	0.171753 0.056640
128	0.171216 0.055920
129	0.170684 0.055680
130	0.170156 0.055240
131	0.169632 0.055080
132	0.169112 0.054920
133	0.168595 0.054680
134	0.168083 0.054600
135	0.167574 0.054280
136	0.167069 0.053760
137	0.166568 0.053640
138	0.166070 0.053440
139	0.165576 0.053280
140	0.165085 0.053160
141	0.164598 0.053000
142	0.164115 0.052680
143	0.163635 0.052400
144	0.163158 0.052400
145	0.162685 0.052280
146	0.162216 0.052240
147	0.161749 0.052120
148	0.161286 0.052320
149	0.160827 0.052160
150	0.160371 0.052160
151	0.159919 0.052320
152	0.159470 0.052280
153	0.159024 0.052200
154	0.158582 0.052160
155	0.158143 0.051920
156	0.157708 0.051920
157	0.157276 0.051800
158	0.156848 0.051760
159	0.156423 0.051680
160	0.156001 0.051560
161	0.155583 0.051160
162	0.155168 0.051080
163	0.154757 0.050880
164	0.154349 0.050800
165	0.153945 0.050640
166	0.153544 0.050560
167	0.153146 0.050800
168	0.152752 0.050840
169	0.152361 0.050760
170	0.151973 0.050760
171	0.151588 0.050680
172	0.151206 0.050640
173	0.150828 0.050520
174	0.150452 0.050440
175	0.150080 0.050480
176	0.149711 0.050320
177	0.149344 0.050160
178	0.148981 0.050200
179	0.148620 0.050040
180	0.148262 0.050000
181	0.147907 0.049800
182	0.147555 0.049600
183	0.147206 0.049400
184	0.146859 0.049400
185	0.146515 0.049400
186	0.146173 0.049280
187	0.145834 0.049200
188	0.145498 0.049240
189	0.145164 0.049160
190	0.144832 0.049000
191	0.144503 0.048840
192	0.144176 0.048760
193	0.143852 0.048560
194	0.143529 0.048640
195	0.143209 0.048560
196	0.142892 0.048480
197	0.142576 0.048320
198	0.142263 0.048280
199	0.141951 0.048080
200	0.141642 0.048040
201	0.141334 0.047880
202	0.141029 0.047600
203	0.140726 0.047240
204	0.140424 0.047120
205	0.140124 0.046960
206	0.139827 0.047080
207	0.139531 0.047000
208	0.139236 0.046920
209	0.138944 0.046960
210	0.138653 0.046960
211	0.138364 0.046840
212	0.138077 0.046760
213	0.137791 0.046640
214	0.137507 0.046440
215	0.137224 0.046280
216	0.136943 0.046320
217	0.136663 0.046200
218	0.136385 0.046120
219	0.136109 0.046160
220	0.135834 0.046040
221	0.135560 0.045840
222	0.135288 0.045880
223	0.135017 0.045800
224	0.134747 0.045760
225	0.134479 0.045480
226	0.134212 0.045280
227	0.133946 0.045160
228	0.133681 0.045080
229	0.133418 0.044920
230	0.133155 0.044800
231	0.132894 0.044680
232	0.132634 0.044640
233	0.132375 0.044640
234	0.132117 0.044440
235	0.131860 0.044360
236	0.131603 0.044200
237	0.131348 0.044160
238	0.131094 0.044120
239	0.130840 0.044120
240	0.130588 0.043960
241	0.130336 0.043840
242	0.130085 0.043840
243	0.129835 0.043840
244	0.129586 0.043960
245	0.129337 0.043880
246	0.129090 0.043880
247	0.128843 0.043760
248	0.128597 0.043760
249	0.128351 0.043640
250	0.128107 0.043640
251	0.127863 0.043800
252	0.127621 0.043840
253	0.127379 0.043960
254	0.127138 0.043920
255	0.126897 0.043800
256	0.126658 0.043840
257	0.126419 0.043920
258	0.126181 0.044040
259	0.125944 0.043920
260	0.125708 0.043960
261	0.125473 0.043880
262	0.125238 0.043880
263	0.125004 0.043880
264	0.124772 0.043920
265	0.124540 0.043760
266	0.124309 0.044000
267	0.124078 0.043840
268	0.123849 0.043880
269	0.123620 0.043840
270	0.123393 0.043880
271	0.123166 0.043720
272	0.122940 0.043840
273	0.122715 0.043680
274	0.122491 0.043560
275	0.122267 0.043600
276	0.122045 0.043640
277	0.121823 0.043560
278	0.121602 0.043480
279	0.121382 0.043320
280	0.121163 0.043320
281	0.120944 0.043200
282	0.120726 0.043120
283	0.120510 0.042720
284	0.120293 0.042680
285	0.120078 0.042800
286	0.119864 0.042760
287	0.119650 0.042880
288	0.119437 0.043040
289	0.119225 0.043160
290	0.119013 0.043200
291	0.118803 0.043160
292	0.118593 0.043160
293	0.118384 0.043280
294	0.118175 0.043320
295	0.117967 0.043320
296	0.117760 0.043280
297	0.117554 0.043200
298	0.117348 0.043320
299	0.117144 0.043320
300	0.116939 0.043240
301	0.116736 0.043320
302	0.116533 0.043280
303	0.116331 0.043200
304	0.116129 0.043120
305	0.115928 0.043080
306	0.115728 0.043040
307	0.115528 0.043280
308	0.115329 0.043640
309	0.115131 0.043840
310	0.114933 0.044040
311	0.114736 0.044160
312	0.114540 0.044120
313	0.114344 0.044040
314	0.114148 0.044000
315	0.113954 0.043920
316	0.113759 0.043680
317	0.113566 0.043600
318	0.113372 0.043600
319	0.113180 0.043600
320	0.112988 0.043560
321	0.112796 0.043400
322	0.112605 0.043440
323	0.112414 0.043440
324	0.112224 0.043400
325	0.112034 0.043440
326	0.111845 0.043360
327	0.111656 0.043000
328	0.111468 0.042840
329	0.111280 0.042840
330	0.111092 0.042800
331	0.110905 0.042680
332	0.110719 0.042520
333	0.110532 0.042480
334	0.110346 0.042440
335	0.110161 0.042400
336	0.109976 0.042360
337	0.109791 0.042280
338	0.109607 0.042160
339	0.109423 0.042160
340	0.109239 0.042280
341	0.109056 0.042200
342	0.108873 0.042160
343	0.108690 0.042080
344	0.108508 0.042080
345	0.108326 0.042120
346	0.108145 0.042080
347	0.107963 0.042040
348	0.107782 0.042040
349	0.107602 0.042080
350	0.107422 0.042120
351	0.107242 0.042040
352	0.107062 0.042000
353	0.106882 0.042040
354	0.106703 0.041960
355	0.106524 0.041920
356	0.106346 0.041960
357	0.106167 0.042040
358	0.105989 0.041960
359	0.105811 0.041880
360	0.105634 0.041800
361	0.105456 0.041720
362	0.105279 0.041600
363	0.105102 0.041680
364	0.104925 0.041760
365	0.104749 0.041600
366	0.104572 0.041560
367	0.104396 0.041480
368	0.104220 0.041440
369	0.104044 0.041360
370	0.103868 0.041280
371	0.103692 0.041320
372	0.103517 0.041280
373	0.103341 0.041040
374	0.103166 0.040880
375	0.102991 0.040760
376	0.102816 0.040800
377	0.102641 0.040840
378	0.102467 0.040880
379	0.102292 0.041000
380	0.102118 0.040960
381	0.101943 0.041000
382	0.101769 0.040920
383	0.101595 0.041040
384	0.101421 0.041080
385	0.101247 0.041000
386	0.101074 0.040880
387	0.100900 0.040920
388	0.100727 0.040760
389	0.100554 0.040600
390	0.100381 0.040400
391	0.100209 0.040200
392	0.100037 0.040320
393	0.099865 0.040280
394	0.099693 0.040320
395	0.099522 0.040040
396	0.099351 0.040040
397	0.099180 0.039960
398	0.099010 0.039880
399	0.098840 0.039800
400	0.098671 0.039640
401	0.098503 0.039600
402	0.098334 0.039520
403	0.098167 0.039400
404	0.098000 0.039400
405	0.097833 0.039400
406	0.097667 0.039360
407	0.097502 0.039360
408	0.097337 0.039360
409	0.097173 0.039360
410	0.097009 0.039360
411	0.096847 0.039560
412	0.096684 0.039640
413	0.096523 0.039720
414	0.096362 0.039720
415	0.096202 0.039760
416	0.096043 0.039720
417	0.095884 0.039680
418	0.095726 0.039760
419	0.095569 0.039600
420	0.095412 0.039720
421	0.095257 0.039640
422	0.095102 0.039720
423	0.094948 0.039720
424	0.094795 0.039640
425	0.094642 0.039480
426	0.094491 0.039240
427	0.094340 0.039160
428	0.094190 0.039200
429	0.094041 0.039160
430	0.093893 0.039120
431	0.093745 0.039040
432	0.093598 0.039040
433	0.093453 0.038960
434	0.093308 0.039000
435	0.093164 0.039040
436	0.093020 0.039000
437	0.092878 0.039000
438	0.092736 0.038840
439	0.092596 0.038840
440	0.092456 0.038760
441	0.092317 0.038760
442	0.092178 0.038720
443	0.092041 0.038640
444	0.091904 0.038680
445	0.091768 0.038640
446	0.091633 0.038680
447	0.091499 0.038680
448	0.091365 0.038640
449	0.091232 0.038720
450	0.091100 0.038720
451	0.090969 0.038680
452	0.090839 0.038640
453	0.090709 0.038560
454	0.090580 0.038520
455	0.090452 0.038520
456	0.090324 0.038440
457	0.090197 0.038440
458	0.090071 0.038480
459	0.089946 0.038360
460	0.089821 0.038440
461	0.089697 0.038080
462	0.089574 0.037800
463	0.089451 0.037800
464	0.089329 0.037720
465	0.089208 0.037760
466	0.089087 0.037680
467	0.088967 0.037560
468	0.088848 0.037760
469	0.088729 0.037760
470	0.088611 0.037680
471	0.088494 0.037720
472	0.088377 0.037800
473	0.088261 0.037800
474	0.088145 0.037760
475	0.088030 0.037760
476	0.087916 0.037760
477	0.087802 0.037760
478	0.087689 0.037640
479	0.087576 0.037600
480	0.087464 0.037680
481	0.087353 0.037680
482	0.087242 0.037760
483	0.087132 0.037680
484	0.087022 0.037720
485	0.086913 0.037720
486	0.086804 0.037680
487	0.086696 0.037560
488	0.086588 0.037560
489	0.086481 0.037480
490	0.086374 0.037600
491	0.086268 0.037680
492	0.086162 0.037720
493	0.086056 0.037640
494	0.085951 0.037760
495	0.085846 0.037920
496	0.085742 0.037840
497	0.085638 0.037840
498	0.085534 0.037800
499	0.085430 0.037680
500	0.085327 0.037600
501	0.085224 0.037440
502	0.085121 0.037480
503	0.085018 0.037400
504	0.084915 0.037440
505	0.084813 0.037400
506	0.084711 0.037360
507	0.084609 0.037320
508	0.084507 0.037200
509	0.084405 0.037200
510	0.084303 0.037080
511	0.084201 0.036960
512	0.084100 0.036720
513	0.083998 0.036680
514	0.083897 0.036640
515	0.083796 0.036520
516	0.083694 0.036360
517	0.083593 0.036200
518	0.083492 0.036000
519	0.083391 0.036080
520	0.083290 0.035920
521	0.083189 0.035680
522	0.083088 0.035600
523	0.082987 0.035520
524	0.082886 0.035520
525	0.082786 0.035440
526	0.082685 0.035360
527	0.082584 0.035280
528	0.082483 0.035240
529	0.082383 0.035120
530	0.082282 0.035040
531	0.082181 0.035000
532	0.082081 0.034960
533	0.081980 0.034920
534	0.081880 0.034960
535	0.081779 0.034800
536	0.081678 0.034720
537	0.081578 0.034760
538	0.081477 0.034640
539	0.081377 0.034560
540	0.081276 0.034560
541	0.081175 0.034520
542	0.081075 0.034480
543	0.080974 0.034400
544	0.080874 0.034440
545	0.080773 0.034440
546	0.080672 0.034320
547	0.080572 0.034400
548	0.080471 0.034400
549	0.080370 0.034400
550	0.080270 0.034480
551	0.080169 0.034560
552	0.080068 0.034560
553	0.079968 0.034600
554	0.079867 0.034920
555	0.079766 0.034800
556	0.079665 0.034720
557	0.079564 0.034640
558	0.079463 0.034600
559	0.079362 0.034520
560	0.079261 0.034680
561	0.079160 0.034760
562	0.079058 0.034880
563	0.078957 0.034960
564	0.078855 0.035000
565	0.078754 0.034960
566	0.078652 0.034960
567	0.078550 0.035000
568	0.078448 0.035160
569	0.078346 0.035160
570	0.078244 0.035040
571	0.078142 0.035160
572	0.078039 0.035240
573	0.077937 0.035160
574	0.077834 0.035160
575	0.077731 0.035120
576	0.077628 0.035120
577	0.077525 0.035040
578	0.077422 0.035000
579	0.077319 0.034840
580	0.077215 0.034760
581	0.077112 0.034680
582	0.077008 0.034600
583	0.076904 0.034520
584	0.076800 0.034560
585	0.076696 0.034600
586	0.076592 0.034520
587	0.076488 0.034560
588	0.076384 0.034440
589	0.076280 0.034440
590	0.076176 0.034400
591	0.076072 0.034400
592	0.075968 0.034440
593	0.075864 0.034400
594	0.075760 0.034440
595	0.075656 0.034480
596	0.075552 0.034360
597	0.075448 0.034280
598	0.075344 0.034320
599	0.075240 0.034240
600	0.075136 0.034240
601	0.075033 0.034320
602	0.074929 0.034400
603	0.074826 0.034440
604	0.074722 0.034480
605	0.074619 0.034280
606	0.074516 0.034240
607	0.074414 0.034160
608	0.074311 0.034200
609	0.074209 0.034000
610	0.074107 0.034080
611	0.074005 0.034120
612	0.073903 0.034160
613	0.073802 0.034040
614	0.073700 0.034120
615	0.073599 0.034120
616	0.073499 0.034120
617	0.073399 0.034160
618	0.073299 0.034120
619	0.073199 0.034200
620	0.073100 0.034080
621	0.073001 0.034120
622	0.072902 0.034000
623	0.072804 0.033800
624	0.072706 0.033880
625	0.072609 0.033840
626	0.072511 0.033720
627	0.072415 0.033760
628	0.072318 0.033680
629	0.072222 0.033680
630	0.072127 0.033600
631	0.072032 0.033560
632	0.071937 0.033640
633	0.071843 0.033680
634	0.071749 0.033680
635	0.071656 0.033680
636	0.071563 0.033680
637	0.071470 0.033760
638	0.071378 0.033720
639	0.071286 0.033760
640	0.071195 0.033760
641	0.071105 0.033760
642	0.071014 0.033720
643	0.070924 0.033760
644	0.070835 0.033760
645	0.070746 0.033680
646	0.070658 0.033640
647	0.070569 0.033720
648	0.070482 0.033680
649	0.070394 0.033720
650	0.070308 0.033640
651	0.070221 0.033680
652	0.070135 0.033680
653	0.070049 0.033760
654	0.069964 0.033680
655	0.069879 0.033600
656	0.069794 0.033520
657	0.069710 0.033400
658	0.069625 0.033360
659	0.069542 0.033280
660	0.069458 0.033280
661	0.069375 0.033160
662	0.069292 0.033080
663	0.069210 0.033080
664	0.069128 0.032920
665	0.069046 0.032960
666	0.068964 0.032920
667	0.068883 0.032840
668	0.068801 0.032840
669	0.068720 0.032840
670	0.068640 0.032920
671	0.068559 0.032880
672	0.068478 0.032960
673	0.068398 0.033000
674	0.068318 0.032960
675	0.068238 0.033000
676	0.068157 0.032960
677	0.068077 0.033000
678	0.067997 0.033040
679	0.067916 0.033080
680	0.067836 0.033080
681	0.067755 0.032920
682	0.067674 0.032840
683	0.067594 0.032880
684	0.067512 0.032840
685	0.067431 0.032800
686	0.067349 0.032800
687	0.067267 0.032800
688	0.067185 0.032840
689	0.067103 0.032720
690	0.067020 0.032840
691	0.066937 0.032800
692	0.066853 0.032640
693	0.066770 0.032680
694	0.066686 0.032680
695	0.066601 0.032600
696	0.066517 0.032560
697	0.066432 0.032600
698	0.066347 0.032400
699	0.066262 0.032440
700	0.066176 0.032280
701	0.066091 0.032280
702	0.066005 0.032320
703	0.065919 0.032160
704	0.065833 0.032200
705	0.065747 0.032160
706	0.065661 0.032080
707	0.065574 0.032080
708	0.065488 0.032040
709	0.065402 0.032080
710	0.065316 0.032040
711	0.065230 0.032000
712	0.065145 0.031960
713	0.065060 0.031960
714	0.064975 0.031920
715	0.064890 0.032080
716	0.064805 0.032040
717	0.064721 0.032040
718	0.064636 0.032000
719	0.064552 0.031920
720	0.064468 0.031800
721	0.064384 0.031800
722	0.064301 0.031800
723	0.064217 0.031760
724	0.064134 0.031760
725	0.064051 0.031560
726	0.063968 0.031440
727	0.063886 0.031400
728	0.063804 0.031440
729	0.063722 0.031440
730	0.063641 0.031600
731	0.063561 0.031840
732	0.063480 0.031840
733	0.063401 0.031840
734	0.063322 0.031760
735	0.063244 0.031840
736	0.063166 0.031840
737	0.063088 0.031800
738	0.063012 0.031880
739	0.062936 0.031760
740	0.062860 0.031760
741	0.062785 0.031800
742	0.062711 0.031640
743	0.062637 0.031720
744	0.062563 0.031640
745	0.062491 0.031720
746	0.062418 0.031800
747	0.062347 0.031760
748	0.062276 0.031720
749	0.062205 0.031720
750	0.062135 0.031760
751	0.062066 0.031720
752	0.061997 0.031760
753	0.061929 0.031520
754	0.061861 0.031320
755	0.061794 0.031280
756	0.061727 0.031240
757	0.061661 0.031160
758	0.061595 0.031040
759	0.061530 0.030760
760	0.061466 0.030280
761	0.061402 0.030120
762	0.061338 0.030160
763	0.061275 0.030280
764	0.061213 0.030440
765	0.061151 0.030600
766	0.061090 0.030640
767	0.061029 0.030680
768	0.060969 0.030680
769	0.060909 0.030760
770	0.060850 0.030840
771	0.060791 0.030680
772	0.060733 0.030640
773	0.060675 0.030640
774	0.060618 0.030520
775	0.060561 0.030520
776	0.060504 0.030440
777	0.060448 0.030400
778	0.060392 0.030320
779	0.060337 0.030360
780	0.060281 0.030320
781	0.060227 0.030360
782	0.060172 0.030440
783	0.060118 0.030400
784	0.060064 0.030320
785	0.060011 0.030160
786	0.059957 0.030080
787	0.059904 0.029960
788	0.059851 0.029800
789	0.059799 0.029640
790	0.059746 0.029480
791	0.059694 0.029400
792	0.059642 0.029440
793	0.059590 0.029400
794	0.059538 0.029400
795	0.059487 0.029400
796	0.059435 0.029440
797	0.059383 0.029400
798	0.059332 0.029440
799	0.059280 0.029520
800	0.059229 0.029560
801	0.059177 0.029720
802	0.059125 0.029680
803	0.059073 0.029680
804	0.059020 0.029720
805	0.058967 0.029800
806	0.058914 0.029760
807	0.058860 0.029720
808	0.058805 0.029800
809	0.058750 0.029880
810	0.058693 0.029800
811	0.058636 0.029680
812	0.058578 0.029720
813	0.058519 0.029840
814	0.058458 0.029840
815	0.058397 0.030000
816	0.058335 0.030080
817	0.058271 0.030160
818	0.058207 0.030400
819	0.058142 0.030360
820	0.058076 0.030360
821	0.058009 0.030200
822	0.057942 0.030200
823	0.057874 0.030160
824	0.057806 0.030200
825	0.057738 0.030160
826	0.057669 0.030080
827	0.057601 0.030000
828	0.057533 0.030040
829	0.057465 0.030000
830	0.057397 0.030080
831	0.057329 0.030040
832	0.057262 0.030000
833	0.057195 0.029920
834	0.057128 0.029840
835	0.057062 0.029840
836	0.056996 0.029720
837	0.056930 0.029760
838	0.056865 0.029760
839	0.056800 0.029800
840	0.056735 0.029800
841	0.056670 0.029720
842	0.056606 0.029680
843	0.056543 0.029680
844	0.056479 0.029560
845	0.056416 0.029640
846	0.056353 0.029640
847	0.056290 0.029720
848	0.056228 0.029800
849	0.056165 0.029760
850	0.056103 0.029720
851	0.056041 0.029640
852	0.055979 0.029600
853	0.055917 0.029680
854	0.055855 0.029720
855	0.055793 0.029720
856	0.055732 0.029720
857	0.055670 0.029840
858	0.055608 0.029920
859	0.055547 0.029920
860	0.055486 0.029840
861	0.055425 0.029840
862	0.055364 0.029960
863	0.055303 0.030000
864	0.055243 0.029960
865	0.055183 0.030080
866	0.055123 0.030080
867	0.055064 0.030080
868	0.055005 0.030080
869	0.054947 0.030040
870	0.054889 0.029960
871	0.054832 0.030000
872	0.054776 0.029840
873	0.054720 0.029720
874	0.054665 0.029600
875	0.054611 0.029640
876	0.054557 0.029640
877	0.054504 0.029680
878	0.054451 0.029720
879	0.054398 0.029760
880	0.054346 0.029680
881	0.054293 0.029760
882	0.054241 0.029680
883	0.054188 0.029680
884	0.054135 0.029760
885	0.054082 0.029640
886	0.054028 0.029640
887	0.053974 0.029680
888	0.053919 0.029760
889	0.053863 0.029800
890	0.053807 0.029880
891	0.053750 0.029960
892	0.053692 0.030040
893	0.053634 0.029960
894	0.053575 0.029960
895	0.053515 0.029960
896	0.053455 0.030000
897	0.053395 0.030080
898	0.053335 0.030080
899	0.053275 0.030080
900	0.053215 0.030280
901	0.053155 0.030240
902	0.053096 0.030120
903	0.053037 0.030120
904	0.052979 0.030120
905	0.052921 0.030120
906	0.052865 0.030040
907	0.052809 0.030120
908	0.052754 0.030120
909	0.052699 0.030200
910	0.052646 0.030240
911	0.052593 0.030360
912	0.052541 0.030520
913	0.052489 0.030400
914	0.052437 0.030320
915	0.052386 0.030360
916	0.052336 0.030360
917	0.052285 0.030320
918	0.052235 0.030320
919	0.052185 0.030320
920	0.052135 0.030320
921	0.052086 0.030280
922	0.052037 0.030360
923	0.051988 0.030400
924	0.051940 0.030360
925	0.051892 0.030400
926	0.051844 0.030440
927	0.051797 0.030360
928	0.051750 0.030400
929	0.051704 0.030520
930	0.051658 0.030480
931	0.051612 0.030520
932	0.051567 0.030480
933	0.051522 0.030440
934	0.051478 0.030440
935	0.051434 0.030440
936	0.051390 0.030640
937	0.051346 0.030640
938	0.051303 0.030720
939	0.051260 0.030760
940	0.051218 0.030760
941	0.051175 0.030640
942	0.051132 0.030560
943	0.051090 0.030640
944	0.051047 0.030680
945	0.051004 0.030600
946	0.050960 0.030760
947	0.050917 0.030840
948	0.050872 0.030760
949	0.050828 0.030720
950	0.050782 0.030760
951	0.050736 0.030840
952	0.050689 0.030920
953	0.050642 0.030880
954	0.050593 0.030960
955	0.050543 0.030920
956	0.050493 0.030880
957	0.050441 0.030920
958	0.050388 0.031000
959	0.050334 0.030960
960	0.050279 0.031000
961	0.050224 0.030880
962	0.050167 0.030840
963	0.050110 0.030800
964	0.050052 0.030800
965	0.049994 0.030760
966	0.049936 0.030720
967	0.049877 0.030560
968	0.049818 0.030520
969	0.049760 0.030560
970	0.049702 0.030600
971	0.049644 0.030680
972	0.049586 0.030680
973	0.049529 0.030640
974	0.049473 0.030560
975	0.049417 0.030480
976	0.049361 0.030400
977	0.049306 0.030360
978	0.049252 0.030400
979	0.049198 0.030360
980	0.049144 0.030280
981	0.049091 0.030320
982	0.049039 0.030280
983	0.048987 0.030280
984	0.048935 0.030240
985	0.048884 0.030240
986	0.048833 0.030280
987	0.048783 0.030400
988	0.048733 0.030120
989	0.048684 0.030240
990	0.048635 0.030320
991	0.048587 0.030400
992	0.048539 0.030360
993	0.048491 0.030400
994	0.048444 0.030320
995	0.048396 0.030280
996	0.048350 0.030280
997	0.048303 0.030280
998	0.048257 0.030280
999	0.048210 0.030280
1000	0.048164 0.030240
1001	0.048118 0.030160
1002	0.048072 0.030160
1003	0.048026 0.030120
1004	0.047981 0.030120
1005	0.047935 0.030040
1006	0.047889 0.030080
1007	0.047844 0.030200
1008	0.047798 0.030200
1009	0.047753 0.030160
1010	0.047708 0.030120
1011	0.047662 0.030000
1012	0.047617 0.029880
1013	0.047572 0.029920
1014	0.047527 0.029920
1015	0.047482 0.029960
1016	0.047436 0.030040
1017	0.047391 0.030000
1018	0.047345 0.030000
1019	0.047299 0.029960
1020	0.047253 0.029880
1021	0.047206 0.029880
1022	0.047159 0.029800
1023	0.047112 0.029640
1024	0.047065 0.029560
1025	0.047018 0.029720
1026	0.046970 0.029640
1027	0.046923 0.029520
1028	0.046876 0.029440
1029	0.046828 0.029480
1030	0.046781 0.029400
1031	0.046735 0.029360
1032	0.046688 0.029320
1033	0.046643 0.029320
1034	0.046597 0.029360
1035	0.046552 0.029280
1036	0.046508 0.029200
1037	0.046464 0.029200
1038	0.046421 0.029160
1039	0.046378 0.029120
1040	0.046335 0.028960
1041	0.046293 0.028960
1042	0.046252 0.028960
1043	0.046211 0.028880
1044	0.046172 0.028600
1045	0.046134 0.028400
1046	0.046099 0.028400
1047	0.046066 0.028400
1048	0.046038 0.028400
1049	0.046016 0.028480
1050	0.046002 0.028480
1051	0.045999 0.028480
1052	0.045999 0.028640
1053	0.045989 0.028840
1054	0.045965 0.028880
1055	0.045931 0.028960
1056	0.045896 0.028920
1057	0.045862 0.028880
1058	0.045830 0.028720
1059	0.045799 0.028680
1060	0.045768 0.028840
1061	0.045737 0.028800
1062	0.045706 0.028800
1063	0.045675 0.028880
1064	0.045644 0.028840
1065	0.045614 0.028720
1066	0.045584 0.028680
1067	0.045556 0.028640
1068	0.045529 0.028680
1069	0.045504 0.028720
1070	0.045479 0.028640
1071	0.045457 0.028600
1072	0.045435 0.028720
1073	0.045415 0.028720
1074	0.045396 0.028760
1075	0.045378 0.028960
1076	0.045361 0.028840
1077	0.045346 0.028800
1078	0.045331 0.028800
1079	0.045317 0.028720
1080	0.045304 0.028600
1081	0.045291 0.028520
1082	0.045278 0.028560
1083	0.045266 0.028560
1084	0.045253 0.028600
1085	0.045241 0.028520
1086	0.045228 0.028440
1087	0.045216 0.028560
1088	0.045205 0.028760
1089	0.045194 0.028720
1090	0.045184 0.028720
1091	0.045175 0.028680
1092	0.045166 0.028520
1093	0.045156 0.028560
1094	0.045145 0.028640
1095	0.045132 0.028600
1096	0.045115 0.028520
1097	0.045095 0.028520
1098	0.045070 0.028560
1099	0.045041 0.028560
1100	0.045009 0.028600
1101	0.044973 0.028560
1102	0.044935 0.028560
1103	0.044894 0.028560
1104	0.044851 0.028560
1105	0.044806 0.028480
1106	0.044759 0.028520
1107	0.044709 0.028560
1108	0.044659 0.028520
1109	0.044606 0.028520
1110	0.044551 0.028360
1111	0.044495 0.028400
1112	0.044440 0.028400
1113	0.044392 0.028240
1114	0.044349 0.028280
1115	0.044304 0.028200
1116	0.044278 0.028200
1117	0.044363 0.028480
1118	0.044505 0.028840
1119	0.044322 0.028600
1120	0.044268 0.028520
1121	0.044220 0.028200
1122	0.044181 0.028000
1123	0.044108 0.027920
1124	0.044069 0.027880
1125	0.044079 0.027880
1126	0.044069 0.028000
1127	0.044047 0.028080
1128	0.044017 0.028440
1129	0.043963 0.028080
1130	0.043900 0.027960
1131	0.043862 0.028160
1132	0.043840 0.028040
1133	0.043799 0.028120
1134	0.043692 0.028120
1135	0.043829 0.028000
1136	0.043608 0.027880
1137	0.043803 0.027800
1138	0.046021 0.028480
1139	0.046027 0.028360
1140	0.045926 0.027320
1141	0.046781 0.028120
1142	0.045532 0.028000
1143	0.045693 0.026560
1144	0.045041 0.027120
1145	0.045498 0.028760
1146	0.045284 0.026880
1147	0.045151 0.028520
1148	0.046218 0.027000
1149	0.044699 0.027480
1150	0.044764 0.026800
1151	0.044399 0.027200
1152	0.046206 0.026560
1153	0.045498 0.028480
1154	0.046588 0.027800
1155	0.044292 0.027080
1156	0.044280 0.026920
1157	0.043895 0.027040
1158	0.044500 0.027480
1159	0.044670 0.027040
1160	0.045168 0.026200
1161	0.045300 0.026520
1162	0.044091 0.027360
1163	0.043532 0.026920
1164	0.043678 0.026600
1165	0.043102 0.026320
1166	0.043811 0.027360
1167	0.044295 0.026360
1168	0.043684 0.026960
1169	0.043578 0.026360
1170	0.043619 0.025720
1171	0.043712 0.026360
1172	0.043680 0.026640
1173	0.043063 0.026520
1174	0.043079 0.026600
1175	0.042638 0.026520
1176	0.042504 0.026680
1177	0.042711 0.026600
1178	0.042713 0.026360
1179	0.042417 0.026480
1180	0.042598 0.026360
1181	0.042524 0.026880
1182	0.042423 0.026400
1183	0.042454 0.026360
1184	0.042271 0.026240
1185	0.042627 0.025840
1186	0.042395 0.026640
1187	0.042374 0.026400
1188	0.042515 0.026360
1189	0.042623 0.026400
1190	0.042095 0.026600
1191	0.042139 0.026360
1192	0.042401 0.026480
1193	0.042156 0.026080
1194	0.042122 0.026000
1195	0.041940 0.026160
1196	0.042026 0.026280
1197	0.042131 0.026600
1198	0.041873 0.026520
1199	0.041852 0.026640
1200	0.041750 0.026400
1201	0.041809 0.026320
1202	0.041570 0.026160
1203	0.041522 0.026640
1204	0.041566 0.026200
1205	0.041770 0.026080
1206	0.041487 0.026080
1207	0.041401 0.025960
1208	0.041516 0.026240
1209	0.041613 0.026280
1210	0.041490 0.026560
1211	0.041382 0.026640
1212	0.041311 0.026640
1213	0.041226 0.026480
1214	0.041149 0.026320
1215	0.041102 0.026160
1216	0.041078 0.026040
1217	0.041076 0.026120
1218	0.041071 0.026080
1219	0.041048 0.026160
1220	0.040988 0.026360
1221	0.040935 0.026560
1222	0.040974 0.026680
1223	0.041045 0.026600
1224	0.041083 0.026560
1225	0.041116 0.026600
1226	0.041272 0.026800
1227	0.041222 0.026760
1228	0.041090 0.026600
1229	0.040968 0.026680
1230	0.040837 0.026880
1231	0.040750 0.026720
1232	0.040695 0.026640
1233	0.040657 0.026600
1234	0.040626 0.026520
1235	0.040589 0.026480
1236	0.040545 0.026400
1237	0.040498 0.026640
1238	0.040457 0.026600
1239	0.040445 0.026560
1240	0.040467 0.026400
1241	0.040439 0.026480
1242	0.040382 0.026360
1243	0.040395 0.026200
1244	0.044119 0.026880
1245	0.043045 0.026920
1246	0.040997 0.026600
1247	0.040475 0.026440
1248	0.040279 0.026360
1249	0.040137 0.026440
1250	0.040060 0.026320
1251	0.040016 0.026280
1252	0.039949 0.026240
1253	0.039896 0.026320
1254	0.039824 0.026240
1255	0.039765 0.026280
1256	0.039719 0.025920
1257	0.039674 0.026000
1258	0.039629 0.025880
1259	0.039583 0.025800
1260	0.039537 0.025680
1261	0.039491 0.025760
1262	0.039446 0.025760
1263	0.039400 0.025560
1264	0.039351 0.025520
1265	0.039299 0.025600
1266	0.039242 0.025640
1267	0.039180 0.025600
1268	0.039116 0.025520
1269	0.039053 0.025600
1270	0.038993 0.025680
1271	0.038940 0.025840
1272	0.038892 0.025760
1273	0.038849 0.025840
1274	0.038813 0.025760
1275	0.038781 0.025720
1276	0.038756 0.025720
1277	0.038735 0.025640
1278	0.038718 0.025560
1279	0.038702 0.025040
1280	0.038687 0.025040
1281	0.038672 0.025000
1282	0.038659 0.024920
1283	0.038651 0.024920
1284	0.038647 0.025160
1285	0.038647 0.025160
1286	0.038652 0.025160
1287	0.038662 0.025120
1288	0.038676 0.025120
1289	0.038693 0.025120
1290	0.038712 0.025120
1291	0.038730 0.024920
1292	0.038727 0.024880
1293	0.038673 0.025000
1294	0.038616 0.025320
1295	0.038933 0.024840
1296	0.039902 0.025920
1297	0.038959 0.023920
1298	0.038314 0.025440
1299	0.038372 0.025360
1300	0.038401 0.025360
1301	0.038357 0.025760
1302	0.038203 0.025480
1303	0.038154 0.024960
1304	0.038208 0.025000
1305	0.038247 0.025000
1306	0.038224 0.024920
1307	0.038201 0.024920
1308	0.038191 0.024640
1309	0.038173 0.024760
1310	0.038189 0.024680
1311	0.038111 0.025360
1312	0.038263 0.024680
1313	0.038096 0.026320
1314	0.038159 0.024760
1315	0.038225 0.024800
1316	0.038093 0.025960
1317	0.038023 0.025160
1318	0.038226 0.024840
1319	0.037997 0.025720
1320	0.037929 0.024920
1321	0.037996 0.024640
1322	0.037882 0.025120
1323	0.037747 0.025320
1324	0.037763 0.025160
1325	0.037764 0.025480
1326	0.037692 0.024800
1327	0.037661 0.025120
1328	0.037665 0.024720
1329	0.037776 0.024800
1330	0.037609 0.025760
1331	0.041314 0.026880
1332	0.040119 0.024360
1333	0.039361 0.025760
1334	0.038578 0.025720
1335	0.037657 0.025520
1336	0.037763 0.024720
1337	0.037865 0.025960
1338	0.037379 0.026280
1339	0.037345 0.026040
1340	0.037383 0.026160
1341	0.037375 0.025560
1342	0.037261 0.025760
1343	0.037346 0.026160
1344	0.037236 0.024680
1345	0.037298 0.025800
1346	0.037199 0.025040
1347	0.037123 0.026000
1348	0.037890 0.024880
1349	0.036869 0.025360
1350	0.036830 0.025320
1351	0.036852 0.024880
1352	0.036917 0.024560
1353	0.036894 0.024920
1354	0.036780 0.024880
1355	0.036803 0.024920
1356	0.036668 0.025200
1357	0.036872 0.025320
1358	0.036502 0.024720
1359	0.036332 0.024360
1360	0.036287 0.024320
1361	0.036357 0.024120
1362	0.036463 0.024000
1363	0.036364 0.024280
1364	0.036161 0.024440
1365	0.036099 0.024600
1366	0.035976 0.024400
1367	0.035922 0.024200
1368	0.035839 0.024280
1369	0.035814 0.024240
1370	0.035758 0.024360
1371	0.036246 0.025640
1372	0.043655 0.026400
1373	0.043820 0.026960
1374	0.042772 0.025600
1375	0.042619 0.029680
1376	0.041447 0.026080
1377	0.040106 0.025760
1378	0.043040 0.028040
1379	0.039791 0.025640
1380	0.037622 0.025840
1381	0.037038 0.025560
1382	0.035771 0.025840
1383	0.035455 0.025280
1384	0.035491 0.025160
1385	0.035896 0.025920
1386	0.035517 0.024920
1387	0.035440 0.024920
1388	0.035466 0.024560
1389	0.035365 0.024680
1390	0.035195 0.024680
1391	0.035055 0.024480
1392	0.035118 0.024400
1393	0.035131 0.024520
1394	0.035079 0.024680
1395	0.034972 0.024560
1396	0.034946 0.024800
1397	0.034820 0.025000
1398	0.034745 0.024960
1399	0.034768 0.025080
1400	0.034890 0.025120
1401	0.035098 0.025160
1402	0.035078 0.025120
1403	0.034880 0.025280
1404	0.034830 0.025040
1405	0.034974 0.025280
1406	0.035002 0.025240
1407	0.034821 0.025360
1408	0.034833 0.025360
1409	0.035048 0.025360
1410	0.034629 0.025400
1411	0.034773 0.025360
1412	0.034732 0.025240
1413	0.034664 0.025480
1414	0.034700 0.025080
1415	0.034704 0.025360
1416	0.034629 0.025200
1417	0.034654 0.025440
1418	0.034545 0.025320
1419	0.034609 0.025400
1420	0.034569 0.025360
1421	0.034572 0.025360
1422	0.034550 0.025320
1423	0.034529 0.025280
1424	0.034503 0.025320
1425	0.034476 0.025280
1426	0.034445 0.025280
1427	0.034415 0.025320
1428	0.034386 0.025360
1429	0.034359 0.025280
1430	0.034337 0.024760
1431	0.034318 0.024760
1432	0.034305 0.024680
1433	0.034295 0.024720
1434	0.034288 0.024560
1435	0.034283 0.024480
1436	0.034278 0.024400
1437	0.034272 0.024320
1438	0.034263 0.024400
1439	0.034252 0.024320
1440	0.034239 0.024240
1441	0.034222 0.024200
1442	0.034200 0.024160
1443	0.034171 0.024200
1444	0.034136 0.024120
1445	0.034100 0.024040
1446	0.034068 0.024000
1447	0.034037 0.023840
1448	0.034011 0.023840
1449	0.033989 0.023760
1450	0.033973 0.023720
1451	0.033965 0.023520
1452	0.033965 0.023480
1453	0.033961 0.023440
1454	0.033933 0.023440
1455	0.033886 0.023520
1456	0.033837 0.023520
1457	0.033797 0.023560
1458	0.033768 0.023600
1459	0.033761 0.023520
1460	0.033909 0.023640
1461	0.033884 0.023600
1462	0.033938 0.023480
1463	0.034156 0.023440
1464	0.033976 0.023480
1465	0.034699 0.024560
1466	0.034661 0.023320
1467	0.034444 0.025640
1468	0.035022 0.023120
1469	0.033819 0.023040
1470	0.033815 0.022720
1471	0.033761 0.023040
1472	0.033415 0.022600
1473	0.033244 0.022720
1474	0.033073 0.022840
1475	0.033109 0.022960
1476	0.033128 0.022760
1477	0.033057 0.022720
1478	0.032999 0.022600
1479	0.032941 0.022600
1480	0.032961 0.022480
1481	0.032950 0.022480
1482	0.032938 0.022480
1483	0.032923 0.022360
1484	0.032900 0.022360
1485	0.032872 0.022240
1486	0.032845 0.022320
1487	0.032820 0.022280
1488	0.032796 0.022320
1489	0.032773 0.022240
1490	0.032750 0.022240
1491	0.032729 0.022240
1492	0.032713 0.022120
1493	0.032707 0.022240
1494	0.032708 0.022160
1495	0.032714 0.022240
1496	0.032765 0.022400
1497	0.032815 0.022560
1498	0.043665 0.029280
1499	0.057037 0.024760
